V1,V2,V3,V4,V5,target
0.340443173479863,0.5196636096410685,0.38234529965249453,0.4619982457894203,0.3949584248863794,0
0.3358252303426133,0.4169153909469486,0.3749479468270936,0.16540768247912857,0.4683908767791952,0
0.5994996094534448,0.5130269435982846,0.2958595096764129,0.3357034756574094,0.3360146463578017,0
0.3150539504353389,0.33679962000415326,0.3043942608927394,0.43036991660202695,0.3141962602071997,0
0.7622270943188416,0.40602923930606155,0.43546735251377966,0.46629292397861377,0.3717545646087299,0
0.33385312551110435,0.39749066511630293,0.3043942608927394,0.45533549277336755,0.3141962602071997,0
0.3293951866800704,0.4045669424710761,0.30439426089273935,0.5942367542142282,0.3141962602071997,0
0.581145991655524,0.42251155916141714,0.6211322403903563,0.3701577330111929,0.28446446749631527,0
0.678839859350004,0.33881931239679186,0.3084274043920241,0.3624344998639101,0.3001449215810319,0
0.40602482758131164,0.5757793637058757,0.5958696994996282,0.3057834950967479,0.17263948502527815,0
0.33481418649640554,0.42840673901898507,0.3043942608927394,0.5968922598012136,0.3141962602071997,0
0.6924872506735117,0.32061546789249085,0.3750330978075821,0.38627147795160155,0.34060564472534666,0
0.3517595593700267,0.49196686127589756,0.3043942608927394,0.5139098902013036,0.3141962602071997,0
0.6971729220660726,0.3103305342998393,0.3686628332793891,0.3820773530976337,0.29805770814817634,0
0.34471611657422796,0.4308707143096105,0.36999144857800353,0.2798367212315667,0.2902134155770445,0
0.6535996976184794,0.351273459273264,0.32041010119278285,0.37414443924732393,0.3040450704519837,0
0.3205396433589784,0.354504358288343,0.5958696994996282,0.6156761409118537,0.14365952474259033,0
0.643332803929067,0.36067636729033853,0.4450213154660296,0.3400646664482416,0.2801696719394155,0
0.4860677950962969,0.6833642712883421,0.30170705347974813,0.325838412687525,0.38283980959967173,0
0.7851872686259357,0.19002278829788805,0.31516645257841724,0.38051301173292507,0.33143511858929636,0
0.3619649356921695,0.4116330327544485,0.36999144857800353,0.45971488970145574,0.29099777223542955,0
0.47378251067163657,0.7216414385953174,0.2516840451265785,0.4310707981585167,0.47022428505861547,0
0.3128011726156623,0.32966143660009817,0.30439426089273935,0.5066381254756763,0.3141962602071997,0
0.33925955567306953,0.44168585784333675,0.5386053018816378,0.3259757796349578,0.2148203624331783,0
0.31900747643041927,0.362591175042519,0.3043942608927394,0.647074540085244,0.3141962602071997,0
0.4619608246757991,0.7096431480943999,0.3172310675283217,0.42286471927887637,0.356619907761864,0
0.4992190547679065,0.5290651613912405,0.6056566327815216,0.3559910231703196,0.2677833125434776,0
0.5648672540983728,0.5252023022781367,0.48549938450026564,0.4261748431316891,0.4041244499012875,0
0.3600462149221613,0.41231318553640817,0.5040592011522721,0.4213921018201029,0.23529683369359244,0
0.31006409340702407,0.2813214018013033,0.5479049207287197,0.6792126046305613,0.7755119553407472,0
0.8778562321381516,0.18426118566058186,0.3767760737597905,0.3590210862824965,0.2992529736076036,0
0.7284970922692485,0.317203793568944,0.38297982166471123,0.3752443964136464,0.29942692016012956,0
0.31039474925609833,0.3245349888228538,0.30439426089273935,0.5912832371460658,0.3141962602071997,0
0.3559872517086597,0.5052430264523283,0.5068391684568957,0.5933828900254448,0.5790433897914282,0
0.6476603141112264,0.5752934584836153,0.27854139849875037,0.40185231940350996,0.34289177867319437,0
0.3767762770103388,0.615663556595963,0.4824750908528844,0.2544663412669282,0.25547826372301086,0
0.3687414581804642,0.5468346086763107,0.36999144857800353,0.4025965819163072,0.2899208427028042,0
0.31249166336158696,0.33313215374279936,0.49338619296160424,0.5829707308067544,0.3141962602071997,0
0.3143127844623693,0.3311032688744883,0.3043942608927394,0.5560066388551805,0.3141962602071997,0
0.3256861034929147,0.42634036090563676,0.6274011802224135,0.2795024434168577,0.1230163668024602,0
0.3158541198447042,0.3224782251348808,0.37086421745120973,0.21470344428009863,0.5124951848893589,0
0.7148911068660184,0.30683492212466146,0.3848629315834622,0.36597269298323065,0.2986387883678833,0
0.4910289637369908,0.5002531698217956,0.28165497258593436,0.33830158995400667,0.3359002307623171,0
0.3346325919603308,0.42840673901898507,0.3043942608927394,0.5968922598012136,0.3141962602071997,0
0.8140868264402827,0.3879019786728537,0.3082052547752131,0.38473928008773967,0.3300950912660391,0
0.3258464035557039,0.42634036090563676,0.5863826873182967,0.2795024434168577,0.18658236115166557,0
0.9123628909495236,0.26318446646419114,0.30945288678838756,0.35252317360336305,0.30064280365833707,0
0.678390457236705,0.3925636187129872,0.41210723058766985,0.41813969762488346,0.4543254539997761,0
0.3491674008823602,0.49460519221165244,0.5863826873182967,0.5103782279408384,0.1837806310368565,0
0.4461456855474706,0.4864204529871176,0.28002941857404035,0.3398027753596168,0.3367738838562644,0
0.8087655741714601,0.24277578406543115,0.3667254286178031,0.38024637756244994,0.30619733234521623,0
0.3466684057153184,0.40682494602811214,0.5040592011522722,0.5916095246921191,0.2344626743077312,0
0.3458182534450465,0.5983727509704091,0.2575753306100569,0.4246302402845265,0.342843282722824,0
0.41591699769221147,0.716922533952635,0.2602379142101004,0.2977469631506322,0.5788441788815237,0
0.3201008884823222,0.3191731533898686,0.397186729370722,0.54030032464571,0.3141962602071997,0
0.3637078291792844,0.43243982469798203,0.5958696994996282,0.5486745275343198,0.16841670740665293,0
0.3488296468755241,0.49460519221165244,0.5386053018816378,0.5103782279408384,0.22185822833258292,0
0.331290542680779,0.4141881793201848,0.4824750908528844,0.47641506198478273,0.2540611365505121,0
0.4665843871879436,0.6734998407139872,0.2510117462087836,0.4596558930602874,0.5715038666808573,0
0.4151113567862381,0.6150048629703271,0.4161250415574639,0.30742427304973596,0.28462737904217017,0
0.3247723635593594,0.3761085146134745,0.5863826873182967,0.5409979590153945,0.1892833242318728,0
0.643287996808195,0.4079976648097866,0.29683375618869257,0.3663819479764188,0.29819767849595186,0
0.6681976505689322,0.32598522995203943,0.43390408451320844,0.34404677554350244,0.2551761078166615,0
0.3947989432026119,0.6700115222408183,0.25792151694923193,0.32240296201813023,0.354133982114287,0
0.31334994893762763,0.34816094728913893,0.4220876749213156,0.4877061142703279,0.8844491056054494,0
0.4144543335584041,0.6150048629703271,0.48654073472640136,0.30742427304973596,0.2706495103288389,0
0.47221721900685537,0.44396101064187293,0.3102807286736846,0.33600301951887634,0.33726145691417947,0
0.3487826215803516,0.49460519221165244,0.5863826873182967,0.5103782279408384,0.19870968828574512,0
0.3706202518130618,0.510433037938402,0.36999144857800353,0.399718735246279,0.2900127526925779,0
0.3405277598598587,0.47097649107229783,0.31028072867368456,0.23927808105124204,0.45318434719151096,0
0.8947668536143967,0.184280504929126,0.3959300737242313,0.35160564266205097,0.2540074134917186,0
0.32607990337041237,0.42634036090563676,0.3043942608927394,0.2795024434168577,0.3141962602071997,0
0.5341665387519487,0.5225228613856046,0.5048810782630041,0.36839553216283794,0.2803280823641282,0
0.32162299968738534,0.3061487716290665,0.41636562079825123,0.2230372215172462,0.7699777542977359,0
0.3341892528567867,0.4071014135013658,0.3699914485780035,0.5930566024793913,0.28633562711434724,0
0.45915572145527617,0.5174246239599317,0.5386053018816378,0.2986714992589846,0.20536321651859188,0
0.3346386549700857,0.42840673901898507,0.3043942608927394,0.5968922598012136,0.3141962602071997,0
0.35488511483784113,0.47365382221631497,0.4161250415574639,0.47274844080305484,0.27719428566699283,0
0.3789110479572242,0.6961990167969135,0.6274011802224135,0.31341697454132567,0.13151579029596033,0
0.3642666612247457,0.4466567267372348,0.5040592011522722,0.6605089545736809,0.23266033828393742,0
0.4263694786314397,0.6281098069851363,0.26241845990667806,0.31753345879392914,0.3507306989384469,0
0.33092099484230114,0.41343668689915497,0.4824750908528844,0.47111149380079204,0.256323312918087,0
0.31364718429390637,0.2925552098581918,0.4425841315202203,0.562188735253576,0.8117773431856583,0
0.6127920928888586,0.6155307328573139,0.27534871467711164,0.4238155247636303,0.5004353745724116,0
0.36199170166206324,0.4116330327544485,0.5386053018816378,0.45971488970145574,0.22270734305643258,0
0.45586809138523215,0.5619710596754424,0.5013365492135005,0.2885324685843797,0.25767306847090965,0
0.3915521275396987,0.6404469230975569,0.3843116870007489,0.36019441527651797,0.2662163415961818,0
0.3960881461061133,0.5522036172542468,0.43612286594417704,0.5872473487996719,0.6019321715891266,0
0.4827837141051338,0.4983691041194046,0.3699914485780035,0.3178187369246003,0.2994373743769759,0
0.6159847850988374,0.5313395305688997,0.23897582526575273,0.3389638701212842,0.2850170890146073,0
0.7987570238489229,0.2874903968768489,0.6219151170520096,0.2872173214430352,0.28109719328961247,0
0.3171792571718751,0.34330774208384685,0.3043942608927394,0.6716281613552663,0.3141962602071997,0
0.3183964433497508,0.36003406942459026,0.6394751457211634,0.49200185053162643,0.132197492352813,1
0.363832194818404,0.6988721284439008,0.30719143427783885,0.4894105224905995,0.3141962602071997,0
0.8386605007336242,0.2790023059551269,0.30950679917387874,0.3605524085004783,0.29806438723116147,0
0.4687386780686741,0.5597750525854818,0.28657770868155735,0.33789368491488353,0.3394113956481128,0
0.816578575571276,0.3186133165517909,0.3140654546066317,0.3832877146153324,0.3326510020875038,0
0.4371929861920129,0.2807906493534676,0.5595171132632306,0.5380823866020342,0.42226338731435964,1
0.32636811815120204,0.3135496187232345,0.561018171723948,0.5108709611745913,0.5054912951947047,1
0.4442948409110604,0.6079631553519348,0.5067863649077019,0.28481991247919425,0.26941910708501154,1
0.31565832899310564,0.32408193539889774,0.5595171132632306,0.5866834693381648,0.5224435337982652,0
0.6199696612906994,0.35075750520429755,0.4079139175970218,0.38520242378779596,0.30243366908309116,0
0.4550506202163223,0.4060245677200641,0.3198743803182322,0.38660768948429564,0.3435649140801313,0
0.37195958545575647,0.510433037938402,0.30439426089273935,0.39971873524627893,0.3141962602071997,1
0.33973439285168194,0.4292685712873475,0.3699914485780035,0.4488928187551672,0.29064087688809326,0
0.320379491174476,0.41051170141874566,0.5334899341561536,0.6101453061367452,0.5680202893117394,1
0.45792330381386975,0.5619710596754424,0.5067863649077019,0.28853246858437975,0.2698070746879743,1
0.38997648439484806,0.640446923097557,0.4824750908528843,0.360194415276518,0.2544273245350451,0
0.33473536736959136,0.5156688008279859,0.5068391684568956,0.6243152631644237,0.5975305107044646,0
0.31467937473511304,0.3420250149867493,0.6274011802224135,0.6451376478838193,0.1136071360484193,1
0.8183661283009762,0.3195905219246573,0.5813917386725203,0.3232014051197555,0.28848672742793013,0
0.3520446687067955,0.49196686127589756,0.5386053018816378,0.5139098902013036,0.21066771518589705,0
0.47156463212762256,0.5282053785928641,0.44926850260643436,0.44712339382830185,0.47360361065418277,0
0.36711390975697983,0.35552517517694016,0.38017981883526686,0.20308946109104015,0.4885566254833442,1
0.4407086445801573,0.6079631553519348,0.5013365492135005,0.28481991247919425,0.2551119305410217,0
0.3528199945639942,0.42603809422197153,0.5837097035984987,0.6160473417945048,0.4876977825299292,1
0.7169920136852481,0.4155219020528155,0.30867631902290876,0.38802276971170085,0.33441500598286117,0
0.4265154345004184,0.6271712702886227,0.26241845990667806,0.31505793492053874,0.3535919600102974,0
0.7248428719264608,0.28631945631177985,0.6861708422319039,0.28296135409878886,0.2773072492879154,0
0.3803638042458223,0.5897300154825402,0.2575753306100569,0.4246605230378782,0.37408483858326197,0
0.31047031506060496,0.3245349888228538,0.30439426089273935,0.5912832371460658,0.3141962602071997,0
0.28361606182968624,0.2018768021396467,0.5958696994996282,0.3717670971682342,0.16445644678883486,0
0.6210941277828106,0.17355228303421621,0.3708069020853578,0.3414325712538592,0.3320228778919885,0
0.46698040523974177,0.4983691041194046,0.5067863649077019,0.3178187369246003,0.2717512686264742,1
0.3753332806886633,0.615663556595963,0.36999144857800353,0.2544663412669282,0.2890416721055214,0
0.7106739138857416,0.32389067162638413,0.44526239177136406,0.3441114638828911,0.21515112223839883,0
0.6941644862013292,0.3281428998975567,0.31699144418089403,0.3552454836739474,0.30120007149522743,0
0.3972553494230825,0.6537271269354307,0.5386053018816378,0.39427510020672535,0.21465396614837468,1
0.4249896263381876,0.5027551808642193,0.4375541824253653,0.469542482324723,0.4730842393533602,1
0.37810437190324386,0.6961990167969135,0.38242547998751225,0.31341697454132567,0.2738785565572405,0
0.3146668050807431,0.3420250149867493,0.6394751457211634,0.6451376478838193,0.12477717635378119,1
0.3610973337840664,0.4239416069833882,0.5651533281625875,0.66613994134632,0.5904448748419707,1
0.329664325161875,0.4031257431212404,0.3043942608927394,0.6020402184152707,0.3141962602071997,1
0.4836637377893202,0.4442762673485374,0.3102807286736846,0.34125725965162423,0.333664189936858,0
0.4540309994294856,0.594034806631,0.38242547998751225,0.28590374316722567,0.2776898445849988,0
0.44452582679489494,0.4633129802880169,0.5597430864534807,0.6135944387730158,0.5244540829742479,1
0.6116349452953854,0.3806876936259374,0.32424705713890795,0.3677365721528556,0.29565236708878956,0
0.3788056107388029,0.29722800142619,0.5932239013869821,0.6879477195627316,0.6601453165181127,1
0.6427748591533259,0.3404251926878528,0.3633641252075006,0.3794150977403228,0.266128061542813,0
0.5980823439536561,0.5243293184819094,0.28205985077739937,0.33430846231475525,0.3406310542801814,0
0.7862962078979427,0.318607228420362,0.41731321700366053,0.361745913834986,0.2496622344175179,0
0.36765499640803645,0.5644267466683304,0.2775890228265423,0.3124776983939924,0.34626529637051373,0
0.33263564357665526,0.39785803261128705,0.4824750908528844,0.5004675219294564,0.2539130351451895,0
0.44255520074625304,0.6079631553519348,0.38242547998751225,0.28481991247919425,0.2791527089562002,0
0.34782466603907125,0.7684692659371157,0.30586067777809856,0.42954480278630514,0.3621180998357381,0
0.4118229873247606,0.6150048629703271,0.6274011802224135,0.30742427304973596,0.14181261309974355,1
0.3848013358732908,0.6614891931146248,0.28742631257062856,0.4410991325997853,0.5883916376138657,0
0.819519874693855,0.290426594163652,0.3176536871005441,0.3669041248028884,0.301419029259175,0
0.43768157605128893,0.557823173537967,0.3043942608927394,0.3040279710482283,0.3141962602071997,0
0.7252751201585019,0.37732466407529275,0.2892173890767007,0.3458063494542172,0.3141962602071997,0
0.311517441208769,0.32194352444339563,0.30439426089273935,0.5130365428916892,0.3141962602071997,1
0.8884366277953804,0.3196861236716496,0.3112492015900713,0.38685779583878477,0.33295141562437885,0
0.4007482345550742,0.8351572109245191,0.32489802051691274,0.3045242798359915,0.40813335166693215,0
0.5704691793553631,0.6458273243174738,0.2594692230059061,0.41256384005744234,0.35539618360102176,0
0.4047234986583003,0.622266557080301,0.2575350301460089,0.32102108336367685,0.35994594589100637,0
0.3416532614999768,0.4267111341375093,0.3043942608927394,0.4446627924201173,0.3141962602071997,0
0.3351429199277526,0.4453196886855092,0.5958696994996282,0.51948826525065,0.16370867988941182,0
0.37376222177070056,0.3120287914365911,0.5595171132632306,0.5323129748098571,0.42067971865960097,1
0.38048255051004704,0.6961990167969135,0.4773825880965659,0.31341697454132567,0.24542900258204636,1
0.34838719504170024,0.4994553533512301,0.30439426089273935,0.5363685287033071,0.3141962602071997,1
0.38248230858117,0.797352777981218,0.3060250149645106,0.4363062483900885,0.46381367216998903,0
0.3818356368334054,0.6942098554792129,0.5863826873182967,0.3839763006442565,0.2005117339146265,1
0.8762564848325678,0.18426118566058186,0.37543801423478157,0.3590210862824965,0.2989958289126758,0
0.3789724174462071,0.5470419668160671,0.3197855587072422,0.46614223991675524,0.3595608822371676,0
0.3632285556520708,0.43243982469798203,0.6274011802224135,0.5486745275343198,0.12520507325719857,1
0.3554881624910275,0.6220522669097097,0.2575753306100569,0.41137150225077473,0.35187616167039804,0
0.30826308375323375,0.2900406910210008,0.5932239013869821,0.6950773012885858,0.6004817941991584,0
0.437158234794637,0.6120286708795332,0.5386053018816378,0.2977469631506322,0.20564780353274123,0
0.33699080699842865,0.44229108441375065,0.3043942608927394,0.39837348777780773,0.3141962602071997,0
0.3311927951332665,0.3049065818427207,0.5932239013869821,0.6385972298942584,0.6637396795463102,0
0.343963563973182,0.4302034008543276,0.6274011802224135,0.2771748672119508,0.05848292180260317,1
0.8316914407160385,0.2874903968768489,0.6314344766646357,0.2872173214430352,0.2813615978573502,0
0.3853265995476699,0.30668178452173966,0.5595171132632306,0.5179310385087166,0.48924602300537534,1
0.5758574204880634,0.48730199633446275,0.44282887845605634,0.3809660125348707,0.2160353747466486,0
0.7105171629018334,0.40392310750283844,0.3110845967535185,0.3886125536971593,0.33515202827052554,0
0.357381596074009,0.5220359615676156,0.4161250415574639,0.3049453560485604,0.2816185973548218,0
0.48514991457071377,0.3601798831862387,0.348513977741832,0.20378961294262984,0.3925552617888356,0
0.7888259617486193,0.29386234975953396,0.37958525316548863,0.3812029477159142,0.3413365687198507,0
0.3787622824007981,0.6961990167969135,0.3043942608927394,0.31341697454132567,0.3141962602071997,0
0.4341143081410842,0.6120286708795332,0.5013365492135006,0.2977469631506322,0.25549307386354314,0
0.5812234798777579,0.42251155916141714,0.6212066088937466,0.3701577330111929,0.2845923864552263,0
0.3366737559517314,0.42161497632108685,0.3043942608927394,0.6583334488699425,0.3141962602071997,1
0.43669463636581424,0.4834422415656022,0.38803405045090444,0.2850167138907354,0.8226565529862543,0
0.3329308086369201,0.40430500212331133,0.6274011802224135,0.3724467078268877,0.08729924455215515,1
0.34987987846770885,0.3641683627537764,0.5932239013869821,0.6685629264669075,0.6520329894428382,1
0.3423592324407104,0.4028972573570699,0.3843116870007489,0.6437352645216747,0.2701941711061999,0
0.3035649905845895,0.2836988472635507,0.30439426089273935,0.2937768941862221,0.3141962602071997,0
0.3178429349226109,0.37414674988720387,0.6274011802224135,0.7086140933744984,0.10379178800939082,0
0.7160018206774659,0.30683492212466146,0.3745769454962989,0.36597269298323065,0.3026240229481676,0
0.4302737611570471,0.6120286708795332,0.5386053018816378,0.29774696315063226,0.21938551565352,0
0.7378909125539497,0.31840279378926206,0.3116019262398272,0.34479632841682495,0.34419202189345327,0
0.32430166697277474,0.37643190892155387,0.5040592011522722,0.5365903954781646,0.23238722186882776,0
0.3165481126442146,0.3364099193141751,0.3043942608927394,0.7002953115730468,0.3141962602071997,0
0.23026482930853004,0.35438072702536616,0.5222862139721404,0.3457024394764513,0.24393898628653587,0
0.3586663626289092,0.35914761337713175,0.5651533281625876,0.7442628776496496,0.7022852482433648,1
0.641653793861809,0.4193908794366128,0.4276938365334413,0.48157276215925515,0.46920107858478366,0
0.27321119769877733,0.3048488350119397,0.3043942608927394,0.23212923511602668,0.3141962602071997,0
0.43909470095904984,0.557823173537967,0.3043942608927394,0.3040279710482283,0.3141962602071997,0
0.44208228598536775,0.6079631553519348,0.36999144857800353,0.28481991247919425,0.2857246362186633,0
0.3230288785590977,0.3750012884535574,0.6394751457211634,0.5529980655523099,0.13043813477605398,1
0.4027746107178042,0.3442101418022256,0.5569207921908866,0.5069602901890446,0.4384476765720855,1
0.7196544143590999,0.37732466407529275,0.3183426950342678,0.3458063494542172,0.3030275266789436,0
0.3200702776769741,0.36560136422366835,0.5386053018816378,0.5635770717963947,0.21328170498984128,0
0.47956174199438717,0.3708571697241444,0.3095111580475993,0.3800204609253971,0.33412954778397463,0
0.41186247082731103,0.6150048629703271,0.4824750908528843,0.30742427304973596,0.2576874430190733,0
0.3677932626061064,0.5495111863387153,0.3043942608927394,0.5156417718110619,0.3141962602071997,0
0.7682302133676648,0.30406886098595787,0.3079804286569947,0.3617924325223636,0.3051320186090868,0
0.4749846132642683,0.4983691041194046,0.5386053018816378,0.3178187369246003,0.2022949038742021,1
0.8180767304938928,0.3195905219246573,0.5986022162578725,0.3232014051197555,0.2852466461928574,0
0.5781616599515137,0.6356688852179265,0.26184500036228364,0.41384501943568996,0.35484181971325535,0
0.379366069445418,0.6961990167969135,0.3843116870007489,0.31341697454132567,0.2712947678241856,0
0.3533723199648405,0.330780236237583,0.5595171132632306,0.5430161038574389,0.4078165308175067,1
0.36511977106075166,0.5006685793043919,0.5386053018816378,0.5446911779407289,0.20951746093789136,0
0.34565543945138344,0.44006394346356215,0.5958696994996282,0.3190702537986613,0.1545840361495203,1
0.33602161270735864,0.3190364718253635,0.47901827457807344,0.6622418577702991,0.824046528234444,1
0.44985033238602506,0.3875541715605298,0.3055176650048779,0.3800204609253971,0.34108915225448816,0
0.3589468877387902,0.4676074638080177,0.38242547998751225,0.3576520869195289,0.2736805072269856,0
0.33883085651990935,0.44168585784333675,0.3043942608927394,0.3259757796349578,0.3141962602071997,0
0.3988293659067793,0.6720385987532593,0.4824750908528843,0.38763737606874404,0.25605687558596246,1
0.35726107527034373,0.3610661282588457,0.5595171132632306,0.551180771984002,0.45117670196465226,1
0.44183562500314244,0.6079631553519348,0.5013365492135005,0.28481991247919425,0.2588159176486492,0
0.3186343795130605,0.3590319388799828,0.6274011802224135,0.555275255633869,0.10404849711195002,0
0.32116635153803774,0.34837767874015474,0.3043942608927394,0.5927740972273402,0.3141962602071997,1
0.4778000679648606,0.4983691041194046,0.38242547998751225,0.3178187369246003,0.2782802174419025,0
0.5721103325812245,0.5804231613014256,0.2743790564529589,0.3309073077756624,0.3498841977688088,0
0.32155882051095497,0.34837767874015463,0.3043942608927394,0.5927740972273403,0.3141962602071997,0
0.6127422579062387,0.5165662577069867,0.25302554586768256,0.33974571243643353,0.25834199315161677,0
0.4364630589688329,0.6120286708795332,0.4161250415574639,0.2977469631506322,0.28383794047281813,0
0.2711755052039848,0.26552134447642217,0.3043942608927394,0.19014883790846143,0.3141962602071997,0
0.446303323801099,0.47440633937233784,0.5250412133422067,0.5592316061461584,0.5296546202629149,1
0.4007284188646556,0.6482139019768646,0.36999144857800353,0.36385877437305575,0.2952581559952102,0
0.41955273324916104,0.5929969610579606,0.2575753306100569,0.4030375425874022,0.34512665791900393,0
0.3895656785143793,0.41521026205789097,0.43332653374523417,0.26366864976134996,0.5456850002170702,1
0.507798361449432,0.5250910582528692,0.3527537089140306,0.3568225219039168,0.28181940543674455,0
0.38818804439542776,0.6943940365245691,0.26492247991620255,0.24447175567728652,0.6181086201842179,0
0.7819463680944907,0.2869330615977247,0.4134997760341858,0.3606429648785734,0.2737767731404453,0
0.5007259345094389,0.5250910582528691,0.3699914485780035,0.3568225219039168,0.3002284101183461,0
0.33440382425079684,0.4020120370194558,0.3843116870007489,0.6673960553612512,0.27276489206819693,0
0.8188241073549041,0.290426594163652,0.3135676253448625,0.3669041248028884,0.30186376906751144,0
0.3844300134953725,0.31181118594690493,0.519834347504325,0.6924779100084134,0.8129174336117301,1
0.6306654020115587,0.3555048010341385,0.3943448201763853,0.38281282266638544,0.2943759362513473,0
0.41317991848357327,0.44807607512030845,0.5390686042752522,0.5462975867929251,0.5662899712262202,1
0.36575757011131393,0.5006685793043919,0.3843116870007489,0.5446911779407289,0.2653785522739156,0
0.37335452133425256,0.6110002588962822,0.4161250415574639,0.2965208035218477,0.28358747486087543,0
0.4748537409805336,0.3884226344670821,0.3089547134050088,0.37886023013433134,0.3334376819051881,0
0.33948536581686933,0.44446620499341305,0.6274011802224135,0.3415956238137735,0.04571178914773888,1
0.575559593618638,0.3721282630651451,0.4255589443037263,0.3835559906218326,0.20925000722357345,0
0.5816350251496603,0.5528234312286784,0.2607902676291111,0.30056763744174214,0.548423714635889,0
0.615023871991823,0.3366914200446001,0.3721122700574626,0.382064035983208,0.2741950870117536,0
0.30188938171792573,0.2824504789279826,0.3043942608927394,0.2990734572031724,0.3141962602071997,0
0.3145912392762364,0.3420250149867493,0.3043942608927394,0.6451376478838193,0.3141962602071997,0
0.5238909202436206,0.45076404542469395,0.32960101584699125,0.33966449628105894,0.3358813550930113,0
0.3987017469453522,0.4093579703737058,0.3102807286736846,0.23322755044632398,0.41538538381422974,1
0.4394882050799741,0.6079631553519348,0.5013365492135006,0.28481991247919425,0.25906667365550423,1
0.4624662726597596,0.4983691041194046,0.5067863649077019,0.3178187369246003,0.2709766401976544,1
0.31071224393765573,0.3195900698356898,0.6274011802224135,0.4289028813857388,0.05272163193809715,0
0.7327247846078815,0.31720379356894407,0.38217438591976727,0.3752443964136463,0.2902633635019768,0
0.39931662486147507,0.4149888891601423,0.3102807286736846,0.27013036907744137,0.4486184679838883,0
0.3323289440100274,0.4120730660161408,0.3043942608927394,0.45516485128249284,0.3141962602071997,0
0.4044639722651316,0.5760984480991317,0.5958696994996282,0.3180532275942286,0.18104903129339137,1
0.3226164460174751,0.3784420471673462,0.6274011802224135,0.5616845456528925,0.03302138627852097,1
0.410396109736336,0.6150048629703271,0.5013365492135005,0.30742427304973596,0.2494511173162051,0
0.3723575259252819,0.7153323863576428,0.30719143427783885,0.47215701498157125,0.3753377474328001,0
0.603172758216931,0.45519964098108134,0.29136164906134143,0.3942635708693047,0.3384118563596413,0
0.34860812520203877,0.49460519221165244,0.3843116870007489,0.5103782279408384,0.2680491690857773,0
0.3358763962298135,0.42353409398809083,0.3043942608927394,0.6316966660512822,0.3141962602071997,0
0.49124590118358824,0.4983691041194046,0.5386053018816378,0.3178187369246003,0.22099865939188693,0
0.36932986588326666,0.510433037938402,0.5386053018816378,0.399718735246279,0.22475056166005997,1
0.392183863580506,0.6266623989468136,0.38242547998751225,0.3907358490152997,0.2728788720713129,0
0.5000353429105228,0.5642177308690266,0.41181197424670346,0.5089014876493797,0.48228511175775607,0
0.3270091705240718,0.47013018052515265,0.3102807286736846,0.29019907809082923,0.3632380078153983,0
0.3777028823548375,0.37784993117698956,0.3157473298552835,0.19627073365260356,0.44572337590474354,1
0.3412659682670942,0.4666110295844007,0.4161250415574639,0.46076011900027514,0.28512235717035134,0
0.6105069297243934,0.5165662577069867,0.26137030371982084,0.33974571243643353,0.284300539568267,0
0.7982506885952421,0.19371198496894604,0.316534335976251,0.3796866209336282,0.33019731027520294,0
0.3281272782498546,0.3538070864041477,0.519834347504325,0.6502409485579936,0.7476642448214965,1
0.31200100320629703,0.32393286659668336,0.6394751457211634,0.5462663189379583,0.1244735684728698,0
0.35276128688417197,0.5132486781672073,0.5040592011522721,0.525307990195685,0.23312046902263092,0
0.4782169368550843,0.2943022323249037,0.5932239013869821,0.7047353104930835,0.6273408552391526,1
0.366905697129298,0.5158261880672022,0.4161250415574639,0.5509824017069256,0.2761262131791956,0
0.5327596247322294,0.4592509609151005,0.6870116460311595,0.3463893106988602,0.2743090670148695,1
0.3397561309598277,0.4292685712873475,0.5863826873182967,0.4488928187551672,0.18835231814272707,0
0.43669729817497493,0.6120286708795332,0.4824750908528843,0.29774696315063226,0.26195305388727713,0
0.35119762188054454,0.32686740622393895,0.5595171132632306,0.6326127375827941,0.45614361654629554,0
0.40973361501189387,0.5964727717363622,0.5386053018816378,0.3099544883053844,0.2051486146783303,0
0.5039925658627707,0.5290651613912406,0.5345055899687786,0.35599102317031966,0.26577711929118086,0
0.32437797216871495,0.3602467923534275,0.3043942608927394,0.5958502412039547,0.3141962602071997,0
0.35415755366724844,0.47365382221631497,0.5040592011522722,0.47274844080305484,0.24001618661241703,0
0.33616120981000897,0.3445915541944664,0.5932239013869822,0.6736403955876203,0.5815860876443789,1
0.3081248175551638,0.31272549067476085,0.30439426089273935,0.704074635676586,0.3141962602071997,1
0.3896382867531518,0.7504648228067432,0.3051552284785868,0.3108610371879508,0.3613951617013251,0
0.7885004816395798,0.25447880019204744,0.3956704530877172,0.3781811667543528,0.29495614528631703,0
0.3310366356625051,0.4448321860822302,0.519834347504325,0.585821870277441,0.6122086667490421,1
0.3403772197639922,0.32951227738009026,0.5837097035984987,0.6597431657663324,0.50605945284081,1
0.32948273062580025,0.3989694179897051,0.30439426089273935,0.5899792544896918,0.3141962602071997,1
0.3374218722041762,0.44229108441375076,0.3043942608927394,0.39837348777780773,0.3141962602071997,1
0.4460165878031764,0.6079631553519348,0.4773825880965659,0.28481991247919425,0.2423264233379937,1
0.3435373787508958,0.43020340085432773,0.6274011802224134,0.2771748672119508,0.1084257648239706,1
0.6499438506145379,0.48352123657785545,0.23703344995869585,0.34148273846573707,0.25703739400767195,0
0.345515398713873,0.32061019352120346,0.5932239013869821,0.6835963068175599,0.6990389235176755,1
0.4638890096561564,0.4477698601929938,0.5584582128350096,0.5379875249650289,0.42206591877392946,1
0.4096292129414796,0.3510647147273407,0.6086264787431303,0.7593396754418544,0.5277217517259984,1
0.3600961977830679,0.41231318553640817,0.3043942608927394,0.4213921018201029,0.3141962602071997,0
0.3163089934546113,0.3518925197660832,0.3043942608927394,0.7198616552480012,0.3141962602071997,0
0.6602141455045445,0.391514018826793,0.3106749008595202,0.3858296416346265,0.3403657785277065,0
0.33667227716886433,0.42161497632108685,0.5386053018816378,0.6583334488699425,0.22206484431275358,0
0.36089695870558,0.4208289443029406,0.5040592011522722,0.33291603942449627,0.23510270469465483,0
0.5204107526442856,0.5185581918370215,0.5955249661183599,0.35799077944888297,0.2669109662266361,1
0.436423279709709,0.3008159301685298,0.6086264787431303,0.8102750841532176,0.5928034623204615,1
0.3613611486475496,0.5692341100523188,0.2775890228265423,0.2952825672769675,0.38808288974300487,0
0.31002875049650136,0.31752320949410945,0.30439426089273935,0.6589722690246836,0.3141962602071997,1
0.3410089558047995,0.3341023366670374,0.5661069656140305,0.5794790928600564,0.666327824203051,1
0.3374329630756791,0.3382086607587681,0.41636562079825123,0.2788286339121595,0.7042124540794895,0
0.3474067620008406,0.41354762953177754,0.3102807286736846,0.2190322361733691,0.434776504089559,1
0.43725080660211485,0.4261761320533791,0.39785998418187674,0.10460283256848096,0.6933885645097052,1
0.3228549736939316,0.3750012884535574,0.5958696994996282,0.5529980655523099,0.15591738438979247,1
0.32365277705070955,0.3889554665241683,0.3043942608927394,0.5340838226612775,0.3141962602071997,0
0.3113402830212954,0.2877463395109784,0.5932239013869822,0.7865959777206499,0.604875904816098,0
0.3299643702056011,0.29452707123806976,0.5932239013869822,0.7362882976495475,0.5740716836937304,1
0.7067338448147514,0.35029314955615415,0.3147709039061435,0.37878105715267685,0.3254394800304857,0
0.3422052911442497,0.4028972573570699,0.5040592011522721,0.6437352645216747,0.22412664819077438,1
0.40179417767694453,0.6482139019768646,0.36999144857800353,0.36385877437305575,0.2874000696657395,0
0.331670589877613,0.33542725873443424,0.6038143203913657,0.5812296549152557,0.5526321177063507,1
0.3376172194209146,0.44229108441375065,0.3043942608927394,0.39837348777780773,0.3141962602071997,0
0.42608096809407664,0.6120286708795332,0.3043942608927394,0.29774696315063226,0.3141962602071997,0
0.42415869824518754,0.5319203443350691,0.28298435259923654,0.3299745624871845,0.34086264422281826,0
0.5416763896640177,0.47709958404801067,0.28020063819264274,0.3341066989098938,0.3412225887167347,0
0.4107181886447813,0.7967047837944793,0.31324908344165203,0.5047558516860196,0.4124734488301659,1
0.3642703581819134,0.7153483601678277,0.289518304306357,0.5428241914687281,0.5374881682222881,0
0.3479061469750462,0.4264300854960517,0.4161250415574639,0.5736937735010583,0.27922806643596726,0
0.47070693806472874,0.4983691041194046,0.3699914485780035,0.3178187369246003,0.29298712258280724,0
0.35669248325795977,0.5205829174868315,0.5863826873182967,0.4415774906470074,0.19456807604513493,0
0.3298547923951521,0.4031257431212404,0.5863826873182967,0.6020402184152707,0.1955279764280642,0
0.33892860406742187,0.33383876879898955,0.5837097035984987,0.6865895563175296,0.4929219870039565,1
0.6440044671072849,0.36067636729033853,0.44392127338760384,0.3400646664482416,0.2801696719394155,0
0.4804469414186083,0.44963080907951375,0.43924867546636603,0.4609418155203854,0.3744047085792676,1
0.46437759951543245,0.4622505712144105,0.30371844428738054,0.33743670722123265,0.33387066071957244,0
0.6722461144240777,0.3407104306870758,0.3125146132197375,0.36209179395760555,0.29783526564528,0
0.4889262823783206,0.4983691041194046,0.5345055899687787,0.3178187369246003,0.25309934860065225,1
0.2647853886788525,0.4214135254771724,0.5958696994996282,0.3026088774438729,0.14173914318690703,0
0.3390043177502153,0.44168585784333675,0.4463045831836564,0.3259757796349578,0.24644640115763028,0
0.3934060776201297,0.6266623989468136,0.38242547998751225,0.39073584901529973,0.27790212326596125,0
0.3059680127435593,0.3099005072739608,0.3699914485780035,0.7886183548511145,0.3141962602071997,0
0.3695414797115427,0.3431534591888741,0.5661069656140305,0.5468142178621543,0.6166380603478379,1
0.3203718015035673,0.35755906316315805,0.5863826873182967,0.5579054769460682,0.19757961648415107,1
0.3966805465226569,0.6537271269354307,0.5386053018816378,0.39427510020672535,0.2232020307897014,1
0.5216023558785612,0.48521111499907627,0.455068634099125,0.5201672191748934,0.6378014607735278,1
0.3486703819607419,0.4670332204015093,0.3102807286736846,0.2937324916430546,0.4483106493767472,0
0.625538757568041,0.458592659099903,0.27204801490581876,0.35152555754927145,0.23128444718899904,0
0.7686417586395671,0.22398313888986845,0.3714861599068119,0.3849937281863841,0.2991609184203737,0
0.35583478919506595,0.463877790104737,0.5307752352501354,0.5495916571379368,0.42616251980311803,1
0.42025042300583915,0.6092830441621603,0.38242547998751225,0.32083347623387626,0.27774182527431795,0
0.4173632473361945,0.6150048629703271,0.4824750908528844,0.30742427304973596,0.26436638080675484,0
0.6971488179053396,0.3103305342998393,0.3685647586206765,0.3820773530976337,0.29785486730186683,0
0.3331163958867359,0.49341472140318776,0.5198343475043249,0.594816577727801,0.6126929002654645,0
0.33548673694434367,0.3415247333353226,0.5661069656140304,0.5894333622539708,0.6169734664716569,1
0.3992901546481547,0.7346596418068972,0.2511696215560836,0.46422384573454645,0.5666759060647961,0
0.340675933903138,0.46239879611721885,0.5386053018816378,0.4737792219448532,0.2098233919781019,1
0.4075194334250475,0.8030367418731734,0.31804652103567604,0.3094786112548224,0.4021178210566222,0
0.3568233555416945,0.5588826289636524,0.27758902282654224,0.2612648193943887,0.3141962602071997,0
0.3369995318173443,0.44229108441375076,0.6274011802224135,0.39837348777780773,0.11381084807946601,0
0.3977117018158567,0.5474936036945917,0.39036578024126367,0.5693015337667293,0.6282691025766305,0
0.32316581385258725,0.4080901622125355,0.3102807286736846,0.20164391568405815,0.3141962602071997,0
0.4730524355701699,0.4983691041194046,0.38242547998751225,0.3178187369246003,0.27932578432398897,1
0.33415287479825706,0.4071014135013658,0.5863826873182967,0.5930566024793913,0.1796201431269405,0
0.3942163027529909,0.630384387137647,0.5958696994996282,0.3810496002311705,0.17367067735920097,0
0.340823220676697,0.3398521548519243,0.3699914485780035,0.6450419835714238,0.3141962602071997,0
0.7407633003949239,0.3098171722076198,0.3092213694166508,0.34378751139251773,0.34424734212426494,0
0.38334340384465804,0.6746932048918438,0.34833851395671217,0.504551899166458,0.3141962602071997,0
0.4128940697553709,0.501519169627096,0.3320687883803133,0.2638866491002373,0.7223211904216722,0
0.505585510767166,0.5250910582528692,0.3602557894159282,0.3568225219039168,0.2872071022464515,0
0.3140010570339934,0.3635019836156931,0.3699914485780035,0.7228283434896093,0.3141962602071997,0
0.3592232722566434,0.46760746380801776,0.4161250415574639,0.3576520869195288,0.27573345406017824,0
0.3505620410042829,0.5066901933765351,0.6274011802224135,0.534357389028303,0.051743001083318196,1
0.6721289948210067,0.3017516036349159,0.31962798924581737,0.37746302767697715,0.3261907316688575,0
0.32947666761604527,0.4045669424710761,0.30439426089273935,0.5942367542142282,0.3141962602071997,0
0.3388545170457823,0.44168585784333675,0.5040592011522721,0.3259757796349578,0.2280167784372485,0
0.328262291125617,0.4731332568398801,0.42229338317233867,0.5207705027010027,0.3141962602071997,0
0.3268845091283788,0.34819078516099344,0.5661069656140305,0.5157183908255661,0.6450635115453032,1
0.33382828195893777,0.3153374798933432,0.5837097035984987,0.6780171655780685,0.4887475601382454,0
0.379845638729205,0.6961990167969135,0.3043942608927394,0.31341697454132567,0.3141962602071997,0
0.7271865948924614,0.31200627740601,0.3787805821352325,0.38263991909032063,0.30126061883446226,0
0.3369735052388841,0.44229108441375065,0.6394751457211634,0.39837348777780773,0.1360259136804027,0
0.26431838904943544,0.4214135254771724,0.6274011802224135,0.3026088774438729,-0.009721550482324148,1
0.349826050771348,0.339470893156006,0.5595171132632306,0.5530024802669552,0.40911285370644823,0
0.8077307219210927,0.3053820890187289,0.30736330390392586,0.3664497375616327,0.28148109536380167,0
0.3677375124920183,0.5495111863387153,0.3043942608927394,0.5156417718110619,0.3141962602071997,0
0.7003622130754573,0.3152419082856154,0.37171786845722066,0.3747009122040955,0.29910472700482477,0
0.3730679332146167,0.5262644702376271,0.38431168700074886,0.37635799906159945,0.26333417209063864,0
0.41478720758177895,0.6150048629703271,0.36999144857800353,0.30742427304973596,0.2893921787647849,0
0.33057821297371703,0.46146438849994176,0.3102807286736846,0.22499429005915714,0.4307072001821357,0
0.21952457722337224,0.35438072702536616,0.5040592011522722,0.3457024394764513,0.23360862287037076,1
0.3816460568698485,0.6942098554792129,0.6274011802224135,0.3839763006442564,0.13530979982643096,1
0.7249273104281697,0.3343395025393837,0.42277710344811764,0.3512366673793451,0.29931235936718886,0
0.3293011360897255,0.4045669424710761,0.30439426089273935,0.5942367542142282,0.3141962602071997,0
0.34492492071505665,0.4308707143096105,0.30439426089273935,0.2798367212315667,0.3141962602071997,1
0.3147571587139203,0.3420250149867493,0.3043942608927394,0.6451376478838193,0.3141962602071997,1
0.3925585871590186,0.6266623989468136,0.4824750908528844,0.3907358490152997,0.26103947149287526,0
0.6397164404276758,0.36330906218363196,0.31692606107508564,0.374551614581547,0.3046397992325734,0
0.33701816448146926,0.44229108441375076,0.6274011802224135,0.39837348777780773,0.11379342438472217,0
0.6588709670263955,0.5343121360872182,0.5495407983888991,0.31080032574026734,0.28248237702174755,0
0.3289502209153725,0.41271060187809816,0.30439426089273935,0.4253783702332939,0.3141962602071997,1
0.3318107784934101,0.40004918727966327,0.5040592011522721,0.42574355105051964,0.22530550633765117,0
0.7077033348623949,0.30192354813888533,0.37070595974656595,0.3733491338767688,0.29869338261141404,0
0.3272135383162993,0.4343033957005134,0.3843116870007489,0.46472748805655506,0.26467303783424634,0
0.3793703579157325,0.6961990167969135,0.3843116870007489,0.31341697454132567,0.2692406594113434,0
0.3171758559712809,0.34330774208384685,0.3043942608927394,0.6716281613552663,0.3141962602071997,1
0.4002179430189471,0.6482139019768647,0.4161250415574639,0.3638587743730558,0.2806777178386546,0
0.4217652881748537,0.5017122116162152,0.28100798572430624,0.33584485598179237,0.3340293615391976,0
0.6811526757540831,0.33881931239679186,0.3160672864806664,0.3624344998639101,0.30186594702935443,0
0.30733485174758124,0.3075365340629447,0.5595171132632306,0.5157720241357192,0.43486449374801533,0
0.42584791191422827,0.6448375508713111,0.29034851680718615,0.5099174192964623,0.5248834318522273,1
0.3469316290656547,0.35271920965203923,0.5595171132632306,0.6165902422401356,0.48030360207301315,1
0.43443535190152255,0.41966002306859307,0.5198343475043249,0.6201446348082371,0.6610760322123461,1
0.48721814028858157,0.4983691041194046,0.3699914485780035,0.3178187369246003,0.30003007039317875,0
0.32134513638666506,0.34837767874015474,0.5386053018816378,0.5927740972273403,0.2138588648782309,0
0.3461702037674064,0.45218059085616913,0.5802287223395528,0.6108301341854341,0.4878720194773676,1
0.3192764670339372,0.2957896050279527,0.41636562079825123,0.22686634798021332,0.7535666666134275,0
0.336443213702757,0.7117645002261952,0.31155741984499613,0.4248666646721399,0.3561782171001077,0
0.3121621905388064,0.33477495463287216,0.6274011802224134,0.4963574590799735,0.10592677140533571,0
0.34919682866141466,0.32530483605596383,0.3862676359935145,0.13210668723461544,0.803715544825141,1
0.38218226353744383,0.7200223271671413,0.5040592011522722,0.43159468979150145,0.23633238195120118,0
0.34077693477295806,0.46239879611721885,0.5863826873182967,0.4737792219448533,0.1980695127013653,0
0.5227389483901822,0.526270377533469,0.33103477941518067,0.35731423355080966,0.3004046798301713,0
0.5161021708828245,0.5078076970256464,0.35895206558040227,0.3595635489051872,0.3141962602071997,0
0.3156340769540859,0.32540887679701597,0.5863826873182967,0.5992629980509581,0.193787494520611,1
0.36233256111292017,0.4248197445938448,0.4161250415574639,0.46363103347375284,0.2801419392252816,0
0.3564925518143335,0.5205829174868315,0.6274011802224135,0.4415774906470074,0.1162362263878082,1
0.3242266926814149,0.36677788055266974,0.3043942608927394,0.5777568433549787,0.3141962602071997,1
0.9085553208234218,0.26318446646419114,0.3134546387497374,0.35252317360336305,0.29774553361734923,0
0.3741669646414144,0.6110002588962822,0.3843116870007489,0.2965208035218477,0.2705700873202982,0
0.3682785991430749,0.5495111863387153,0.3843116870007489,0.5156417718110619,0.2653823274077768,0
0.8037337197097209,0.27854678111148184,0.41665670944416905,0.3634135814135405,0.29545954486695775,0
0.35787876287391396,0.5153337426245452,0.5040592011522722,0.39797795123674035,0.22846964930313207,0
0.4331770555599426,0.38471520354100197,0.3055176650048779,0.38094536188619954,0.3352723969617142,0
0.6530710327435061,0.32772393398174954,0.404843014589418,0.3692380494404258,0.29732228303253017,0
0.32068545134967036,0.3683204985275463,0.3699914485780035,0.8025889200148567,0.3141962602071997,1
0.5081565226598336,0.4022098410123659,0.30806649729510854,0.3834342028740157,0.3141962602071997,0
0.4086734755744998,0.5756837619588835,0.5958696994996282,0.31212587117643753,0.174737878662261,1
0.5175262387838017,0.37571848239158684,0.6038143203913657,0.5645365607694591,0.4559372909610373,1
0.4594062272729558,0.711265092613439,0.2603047885095501,0.28477791796219687,0.5191484227272932,0
0.3857266103132092,0.7281866621096099,0.5386053018816378,0.40256046152375513,0.20546136999898218,1
0.32822783548481455,0.4598983221772846,0.5863826873182967,0.35592918068004115,0.18754995699977337,0
0.40080960404405713,0.6482139019768646,0.46659479623125666,0.36385877437305575,0.2437985803463918,1
0.8955279831560716,0.26732716864817263,0.3014923980668778,0.3606655127599847,0.30600654288777124,0
0.4276021920294195,0.7797362271849536,0.3060250149645106,0.4317503358466802,0.4148420549331344,0
0.3670623002349195,0.3190874071823676,0.519834347504325,0.6687508254786682,0.7535666666134275,1
0.8707682779780543,0.30347650388148517,0.3117147216562802,0.35423272624318,0.2961413921212666,0
0.5856233025421165,0.49100662430894443,0.25458460793747084,0.35089545736808575,0.20295831105157372,0
0.31054262754280415,0.32024948680367377,0.6274011802224135,0.5363860781061531,0.08628721828245059,1
0.30393246812705355,0.2836988472635507,0.5958696994996282,0.2937768941862221,0.1570946453646511,0
0.46565970426117204,0.4983691041194046,0.5386053018816378,0.3178187369246003,0.2140820333684082,0
0.33622967745675375,0.5990083880587029,0.2575753306100569,0.4216552334070578,0.35655021298288864,0
0.31281063682601146,0.32966143660009817,0.5958696994996282,0.5066381254756763,0.1423115115592421,1
0.3766445174568839,0.615663556595963,0.5863826873182967,0.2544663412669282,0.1941300153197836,1
0.375103182074549,0.615663556595963,0.5040592011522721,0.2544663412669282,0.2305838694628406,0
0.40640694507415953,0.6533404401719024,0.2575753306100569,0.4302706767356213,0.3519634253415734,0
0.27241738705574037,0.30484883501193966,0.6394751457211634,0.23212923511602668,0.11855895009461795,1
0.3244232229244469,0.3602467923534275,0.5958696994996282,0.5958502412039547,0.15635704228716196,0
0.47889362789505024,0.5521629292471725,0.28657770868155735,0.33676118291001933,0.3402303093010732,0
0.30563809628591854,0.2956567812893035,0.6274011802224135,0.49666156359706565,0.10444459577245993,1
0.8455900772486595,0.2841594053643671,0.30155778117268617,0.3685820082500436,0.299082221399114,0
0.4875159671580071,0.6972501839248617,0.26462565591012616,0.3258489934085756,0.3696561709717471,0
0.39242934153643766,0.7328570123971838,0.24901759971736145,0.47547771955543455,0.490446660770682,1
0.2593155187318905,0.5923647899850841,0.2575753306100569,0.477567594389153,0.3141962602071997,0
0.7124011322744657,0.48500571591151237,0.42791407436353274,0.39638080963677474,0.39209556664251066,0
0.3415670484588273,0.4267111341375093,0.5863826873182967,0.44466279242011736,0.20126821266142148,0
0.47617621649854386,0.5846533577702491,0.2575753306100569,0.41175295548727137,0.34595137947021226,0
0.3497383589473314,0.5066901933765351,0.4161250415574639,0.534357389028303,0.284060818568083,0
0.6483337518288848,0.36330906218363196,0.31526318898642613,0.374551614581547,0.29501117512221636,0
0.2376695387587511,0.35438072702536616,0.5863826873182967,0.3457024394764513,0.195568050925975,0
0.3519426326889685,0.49196686127589756,0.3043942608927394,0.5139098902013036,0.3141962602071997,0
0.7940351222761189,0.34349553984094305,0.38061704445802663,0.3834509860867166,0.33421971540427403,0
0.3838977995415182,0.7200223271671413,0.4773825880965659,0.4315946897915014,0.24556824694254087,0
0.2748600405955473,0.1575145776087568,0.3699914485780035,0.15910722794594634,0.3141962602071997,1
0.5887677864306293,0.522838479763443,0.28443084866697804,0.34188389373453476,0.3141962602071997,0
0.3425074064839897,0.42248783956025615,0.39785998418187674,0.16194888125293244,0.6779032558061195,1
0.41848076354883046,0.6014484327733157,0.3699914485780035,0.3098316424854624,0.29962496949038453,0
0.6244832023575349,0.37867333588311514,0.378841759310258,0.3991224933724552,0.3573383447751349,0
0.522666635907983,0.5185581918370215,0.5864979680574851,0.35799077944888297,0.26011848402820725,0
0.32212948281935283,0.3169607806792848,0.3699914485780035,0.16779618904318905,0.3141962602071997,0
0.3506581618906417,0.3785392161560925,0.6038143203913657,0.5838731933418806,0.5465169816410884,1
0.3642907653854788,0.5347127471909453,0.39036578024126367,0.5685338842118858,0.5994626532541001,1
0.36835253828642783,0.5468346086763106,0.30439426089273935,0.4025965819163072,0.3141962602071997,0
0.6086713165515139,0.48106383164689087,0.27442665994227555,0.3519996833080733,0.2892416090027069,0
0.3208482653433335,0.3312712048562795,0.41679447279517945,0.1828680613273186,0.8469655111030316,0
0.660062570260671,0.4959327062557962,0.29900095761396783,0.34524272538942524,0.33684691817673235,0
0.8140316678393416,0.2492848404623243,0.3729207646611578,0.3627360139286071,0.28571098765778064,0
0.7418034762636126,0.2986320390628979,0.3639424406901627,0.38332638897503457,0.33614532406838044,0
0.4291883345326263,0.6120286708795332,0.5386053018816378,0.2977469631506322,0.20641110655997752,0
0.2828099772888527,0.2018768021396467,0.3843116870007489,0.3717670971682342,0.2731893042326656,0
0.3556882418129405,0.5195130640148937,0.28100798572430624,0.2562039510601517,0.3141962602071997,0
0.4565160940375771,0.30825369786170964,0.3485139777418319,0.21702901379653053,0.3998864265497614,1
0.5339442776870298,0.5193341874800893,0.4136089390558718,0.42108113807695025,0.35059624609400697,0
0.32021357173679205,0.357559063163158,0.3843116870007489,0.5579054769460683,0.269301787540403,0
0.3526577720834779,0.48053738911387855,0.6274011802224135,0.5731864826545496,0.07149203308817709,0
0.3576279612996609,0.5220359615676156,0.3843116870007489,0.3049453560485604,0.264884735725384,0
0.48653952683088847,0.5831287630755433,0.2812452002204673,0.3323254892488928,0.34818379035926644,0
0.447650051358129,0.5721398365427129,0.34954970731501217,0.4461087391647943,0.614294718602248,0
0.5105932610681723,0.6266436824635595,0.30203469548774364,0.3239315113574919,0.39930955705628424,0
0.42525639876740495,0.6120286708795332,0.5013365492135006,0.29774696315063226,0.255553621202778,0
0.3188615205614407,0.3576782940935179,0.6274011802224135,0.6990729464097424,0.06515735846914256,0
0.35231380718860017,0.32817168289515364,0.47901827457807344,0.6356497693767663,0.7873372717659336,1
0.7269644817058293,0.35003759873246315,0.3168564720384942,0.34586177054137535,0.2970172231770568,0
0.33333629089906747,0.40411093539919907,0.44630458318365634,0.4895394613464369,0.24721260813399054,0
0.3520289936084047,0.45330855283006194,0.519834347504325,0.577902565423517,0.5917213056794131,1
0.6817588288512904,0.4024626491629875,0.28447061383074457,0.3530741737733843,0.2939492009275794,0
0.49382726455632525,0.4983691041194046,0.38242547998751225,0.3178187369246003,0.28043276973004744,1
0.34788278220574664,0.4264300854960517,0.4161250415574639,0.5736937735010583,0.2806270439264412,0
0.33216938333867174,0.4226879944157972,0.5040592011522722,0.3461524120030618,0.23946748542544236,0
0.36833050442170867,0.3936665650973453,0.3925437641436372,0.5382662722368446,0.3141962602071997,1
0.31556901050793534,0.3265040773903979,0.3699914485780035,0.8744617514231069,0.3141962602071997,1
0.7242195649479957,0.31807894739221526,0.39044401055382744,0.3830266626873426,0.33658730512504914,0
0.33089275008954033,0.4322012121409397,0.3043942608927394,0.3896002822498553,0.3141962602071997,1
0.32491062975742935,0.48480559119523586,0.42229338317233867,0.5106938253101063,0.3141962602071997,0
0.3671124309741127,0.5158261880672022,0.3843116870007489,0.5509824017069256,0.26519603907147393,1
0.6768130395524139,0.3177473853434566,0.3612565715278751,0.37856845763004976,0.30317301453005463,0
0.33382014865316895,0.5556688791900737,0.28836381454215865,0.42082026857518545,0.3441112921078068,0
0.32996259566616065,0.4031257431212404,0.3843116870007489,0.6020402184152707,0.26338615277995775,0
0.3521679991979082,0.49196686127589756,0.6394751457211634,0.5139098902013036,0.13469169425539335,1
0.3293151845269625,0.4045669424710761,0.3843116870007489,0.5942367542142282,0.27193828295005806,0
0.37912133088091987,0.8181939286862807,0.31324908344165203,0.43350983678690497,0.40867827772004567,0
0.5776812033980064,0.5037503793779919,0.4794719033308869,0.5261146789626807,0.5225893120442887,0
0.26757821800157877,0.18235822263934964,0.3699914485780035,0.6380293370558012,0.3141962602071997,1
0.36473898447248415,0.4466567267372348,0.5958696994996282,0.6605089545736809,0.1508902128638267,1
0.32144096151645046,0.29823178963034497,0.31351443943832474,0.2887798020602488,0.3141962602071997,0
0.7521100013338622,0.24792140041489713,0.3780103232659282,0.3842250570446805,0.2941076113522922,0
0.5722067492241566,0.4713838232320082,0.2972721288834841,0.3919197587303718,0.3521748328377986,0
0.3656021500319861,0.3424762299155709,0.47901827457807344,0.5894620031712974,0.7624180487407533,1
0.5173730368787745,0.716262031971129,0.29451850599985585,0.42097186476816906,0.40056144952362893,0
0.46728015452689453,0.4983691041194046,0.5013365492135005,0.3178187369246003,0.2620411887431897,1
0.5228371395725548,0.42294460011374563,0.6038143203913657,0.6163541827049722,0.4863782280479959,0
0.4489994407243197,0.594034806631,0.38242547998751225,0.28590374316722567,0.28135535436673365,0
0.33076705354584035,0.3978388037605364,0.4824750908528844,0.41181574659391995,0.2547827679078194,0
0.320484041123177,0.3563662113527979,0.3699914485780035,0.8367985802861464,0.3141962602071997,1
0.5611494460923016,0.33041268790701195,0.32104424084765565,0.3803413486551903,0.3297697037666979,0
0.44255623589425996,0.4215634683180573,0.576697384618414,0.49271079532726164,0.5287427802379874,1
0.6437632776216676,0.5214580110315736,0.24567396121634755,0.34911435716281974,0.293335596477684,1
0.6539148262474495,0.351273459273264,0.3200589059724026,0.37414443924732393,0.3022556570017916,0
0.6779392805839655,0.3259852299520395,0.43193417947739016,0.34404677554350244,0.25612424720563864,0
0.6129092124919295,0.37846160755000635,0.37691888422774045,0.3982935486060082,0.35465233703291615,0
0.3680557465650093,0.5495111863387153,0.5040592011522722,0.5156417718110619,0.24092599387295777,0
0.3957262879385442,0.6581036495333991,0.25531888698071337,0.4319165261376646,0.3621079360138042,0
0.33216686940779777,0.4226879944157972,0.3043942608927394,0.3461524120030618,0.3141962602071997,0
0.7249599915295317,0.30638940351683025,0.3830136602896472,0.37413546387705343,0.29105454444080325,0
0.3234201645057213,0.3951503512279189,0.3043942608927394,0.5403297317531817,0.3141962602071997,0
0.3147845161969609,0.37461026163594124,0.5595171132632306,0.64391750832046,0.3141962602071997,1
0.31870772714326656,0.3520773940145229,0.3699914485780035,0.882610548468094,0.3141962602071997,0
0.33026411949275386,0.39429415500201787,0.4824750908528844,0.4014740038980835,0.2570731125818968,0
0.6534240182138729,0.5069056589784418,0.4939596142702643,0.32210214117308816,0.35100396055101274,0
0.6914402724036344,0.3820967042412878,0.3105473846853266,0.3806157176976059,0.33892353219528537,0
0.836249641025459,0.22056088568448234,0.38116419781716016,0.36131093674407133,0.3040094970752151,0
0.6137496047952788,0.6343514979666546,0.27185263030308127,0.4158894701393809,0.39214754733182977,0
0.38524349195054125,0.4305603401637949,0.3699914485780035,0.6712907458094871,0.3141962602071997,1
0.35934231427744157,0.44163157702797323,0.512777598600878,0.429243507633078,0.24748688612874978,0
0.7257728784715538,0.19287019531147576,0.3604027675789267,0.38238433994908116,0.33699342241003677,0
0.3892434517276473,0.640446923097557,0.5040592011522722,0.36019441527651797,0.23467916371492337,0
0.38843411386450627,0.6742919910028269,0.3843116870007489,0.38969813567695083,0.2702913082043968,0
0.34197460101698857,0.4028972573570698,0.3043942608927394,0.6437352645216748,0.3141962602071997,0
0.3463698394544593,0.4391935516440819,0.4824750908528844,0.4547736929708256,0.2499507417629846,0
0.36536214357266256,0.5006685793043919,0.36999144857800353,0.5446911779407289,0.28566888039548305,0
0.7993804787056746,0.3238077886490105,0.3174290521609977,0.3677379585921657,0.30381623926101464,0
0.32362231412364817,0.3889554665241683,0.4463045831836564,0.5340838226612775,0.24649170276396426,0
0.3693697930206773,0.510433037938402,0.4161250415574639,0.399718735246279,0.2806540506532942,0
0.28032650934191505,0.35201470434436405,0.5595171132632306,0.6474627795773111,0.505866485421522,1
0.7221134823887312,0.37732466407529275,0.3193393094511662,0.3458063494542172,0.30238793188438856,0
0.3337494628321236,0.39749066511630293,0.3043942608927394,0.45533549277336743,0.3141962602071997,0
0.3793280647257346,0.6959840334232388,0.37161272018764574,0.5879931072075142,0.45222647957296846,1
0.3216122045724558,0.2995393816206546,0.4414906659881098,0.4362197783594336,0.5170784877917253,0
0.41746114276199375,0.6150048629703271,0.5386053018816378,0.30742427304973596,0.22019615305147702,0
0.32654823390440973,0.3279798464766145,0.4425841315202203,0.610953819165991,0.9578195581844684,0
0.5469458845324932,0.41534414067079767,0.6538715879625496,0.3798220906483209,0.28333033016594766,1
0.543167742185446,0.48603023992964295,0.2843522742328048,0.34852665283632644,0.30067068156992716,0
0.8376635053246535,0.2790023059551269,0.31877953829968364,0.3605524085004783,0.29993903158814217,0
0.5232279818843184,0.5104275827315277,0.40029170041766804,0.48034320940268543,0.576127534476047,0
0.37143639207739126,0.510433037938402,0.3843116870007489,0.399718735246279,0.272202832715252,0
0.5847829102387673,0.5655563663017706,0.2832195406014749,0.3939813574992137,0.354040474952495,0
0.5339822824067132,0.3881087943058491,0.39929692131602046,0.3733825178759458,0.2719931675885011,0
0.40678817529728717,0.5757793637058757,0.5013365492135005,0.3057834950967479,0.2539587723438921,0
0.40592042551089735,0.5757793637058758,0.38242547998751225,0.3057834950967479,0.2765992664914908,0
0.35840580108773357,0.411005081178602,0.5595171132632306,0.6329837925244651,0.4776990501037218,0
0.3233145794090133,0.3316523158558753,0.5932239013869821,0.7434612968169543,0.612773630051111,1
0.39975641488613817,0.31172604252469394,0.5595171132632306,0.5267104830135645,0.4955740185414248,1
0.7430261339380964,0.4114803773797587,0.41081448040791413,0.4444110807148481,0.3892235609589014,0
0.36172537286770606,0.4116330327544485,0.4161250415574639,0.45971488970145574,0.275891864484891,0
0.36917429792565215,0.510433037938402,0.5040592011522722,0.399718735246279,0.2392498344386006,0
0.3830677587182384,0.6211598432878804,0.2575753306100569,0.43741083918252616,0.3141962602071997,0
0.7635995526977584,0.32274571110731365,0.3170981218798446,0.3781681050366421,0.3270723706228956,0
0.336757898696867,0.3517264222794266,0.5837097035984987,0.6639916901205982,0.49080457250021164,0
0.3246225628549264,0.4857246880661473,0.4646408737324137,0.5617226362486746,0.3141962602071997,0
0.3652397003512701,0.5006685793043919,0.4824750908528843,0.5446911779407289,0.2505382106707643,0
0.36812170028088004,0.48061789108935665,0.31028072867368456,0.21140171203363645,0.44016391050435355,0
0.3155428360511884,0.3242057474974615,0.5958696994996282,0.5432391746453816,0.14406360926319117,1
0.25957563663820604,0.6606144009625277,0.3095060344591909,0.47457306790560827,0.3141962602071997,0
0.7719894272940138,0.3003382529654776,0.31880553859906946,0.362029112306692,0.2987678689064439,0
0.4554467861464072,0.4577742876509488,0.30371844428738054,0.33711490736031435,0.3323379563719396,0
0.328712728386923,0.30687482651085873,0.5932239013869821,0.7522810575175293,0.7108212614958271,1
0.4492895779228365,0.594034806631,0.36999144857800353,0.28590374316722567,0.2867055902327414,0
0.3183840215736675,0.36003406942459026,0.5958696994996282,0.49200185053162643,0.15707794765718822,1
0.6510011803644845,0.36021620099996055,0.3160992133188828,0.3466189488309033,0.3300449981436505,0
0.336428130117513,0.30689291006955843,0.5932239013869821,0.7212321140207688,0.7361667842524067,0
0.6022359492706495,0.6353378053973998,0.23482170390285528,0.4147075306275389,0.36712334654581785,0
0.3201307598962368,0.45599998914986484,0.3102807286736846,0.28124614624599664,0.3141962602071997,0
0.31595378980994393,0.29268375382128203,0.41636562079825123,0.18153105952421777,0.7174200502876871,0
0.8385674852912863,0.2790023059551269,0.30854211159519673,0.3605524085004783,0.3027483119706736,0
0.9138919524340618,0.23143703108955554,0.40841423218152645,0.36889720428161643,0.28539823233712874,0
0.32912323851081837,0.4238778624389718,0.3102807286736846,0.23293129025690718,0.3141962602071997,0
0.33289871904870494,0.33110483611624236,0.3699914485780035,0.6634420399046421,0.3141962602071997,1
0.38618710329801115,0.7281866621096099,0.4773825880965659,0.40256046152375513,0.24603650873878152,0
0.35341357800683143,0.5132486781672073,0.5863826873182967,0.525307990195685,0.18352740667324607,0
0.34752831795251277,0.40564782691382073,0.3102807286736846,0.25270957672007854,0.3141962602071997,1
0.38544845125591554,0.7200223271671413,0.4773825880965659,0.4315946897915014,0.24672198592949532,1
0.3653535666320336,0.5888127269674988,0.2575753306100569,0.4350569936012177,0.3634418650439012,0
0.3196142210407733,0.34841776396193896,0.5386053018816378,0.5196315063225281,0.20740091761888368,1
0.31491745877670946,0.2948935646943833,0.4521187854266028,0.5400469346191706,0.7716754029556103,0
0.3607932960265992,0.3491100327282274,0.3157473298552835,0.23791791111756494,0.4454581001522686,1
0.3100779939659744,0.2845354529675271,0.3393226807302796,0.3195691530388195,0.447662197537364,0
0.33366251039954054,0.41371927264310204,0.3749479468270936,0.16774419756906106,0.46918423567986456,0
0.38187245852679513,0.6942098554792129,0.30439426089273935,0.3839763006442565,0.3141962602071997,0
0.7414935233746771,0.18891592380914496,0.3115552786438703,0.34411077066323603,0.34142310640374507,0
0.3674719230890946,0.30242054461048173,0.5932239013869821,0.5873943843370302,0.6297294985910764,0
0.37160408605451567,0.4350226089692643,0.39785998418187674,0.23803867727852177,0.6346332522792734,1
0.2748431824708628,0.2871658874159831,0.6274011802224135,0.39679750761994337,0.10325818735786077,0
0.33908712959077053,0.3375483094735846,0.41679447279517945,0.22725181459366015,0.8122313756311914,0
0.32304958151923646,0.3750012884535574,0.3043942608927394,0.5529980655523099,0.3141962602071997,0
0.3880976907622505,0.6157432146720352,0.2575753306100569,0.4513077041513641,0.36274564324142866,0
0.38293245008590254,0.7200223271671413,0.5386053018816378,0.43159468979150145,0.22558893177215095,1
0.3513218396413774,0.5201549097916744,0.4161250415574639,0.5621349924876881,0.2796279402303383,0
0.6177568106084335,0.49653368318991575,0.27237091568274974,0.3410897558918198,0.2863719264783969,0
0.3388632418646979,0.44168585784333675,0.3043942608927394,0.3259757796349578,0.3141962602071997,0
0.30976937198161936,0.315775252710198,0.30439426089273935,0.7018605650688805,0.3141962602071997,0
0.39711131597183097,0.6537271269354307,0.4773825880965659,0.39427510020672535,0.24456231896599664,1
0.5349930304963476,0.6338804212625279,0.22845774827083676,0.315979369783066,0.33947963845252616,0
0.5820603231022262,0.6498061593203717,0.26938719014955714,0.3304189527713097,0.3482423049341145,0
0.3937028693415483,0.6266623989468136,0.5040592011522722,0.39073584901529973,0.23528696026657092,0
0.3949321815389339,0.6657352126973106,0.25531888698071337,0.4193256505136757,0.36821131108511435,0
0.3299458854197629,0.3646662634033077,0.6038143203913657,0.7509092123054515,0.5269414605963869,1
0.44075019837872165,0.6079631553519348,0.4824750908528844,0.28481991247919425,0.2671284720160217,0
0.8548753548709185,0.18077576055680483,0.31107217013984145,0.38516725201161395,0.3284176250545761,0
0.32971726558851566,0.4031257431212404,0.5958696994996282,0.6020402184152707,0.13703561679080808,1
0.6672572925437698,0.42812930708926744,0.31264537943135434,0.38616111008547027,0.3333414159917284,0
0.31546579146381465,0.32717799134460607,0.5863826873182967,0.4145288988680088,0.17525652397580255,1
0.768986167169305,0.41478168171670843,0.44411608445432543,0.48715719375927174,0.4112009383240409,0
0.316122666813362,0.3501159608201618,0.3043942608927394,0.654603562273381,0.3141962602071997,0
0.3278816524156362,0.4548075592892077,0.46659479623125666,0.34706005544297824,0.2428314200906526,0
0.34161037679683215,0.4267111341375093,0.3043942608927394,0.44466279242011736,0.3141962602071997,0
0.7311559438642193,0.29104673966999317,0.31769402580032646,0.3819596516972571,0.329844335259184,0
0.335715800410451,0.43335997644315094,0.3043942608927394,0.5962338470699063,0.3141962602071997,0
0.38305844238617587,0.7200223271671413,0.5040592011522721,0.43159468979150145,0.23144881070941592,0
0.25152395968364694,0.15611129345366137,0.5690219050610539,0.5771905558673016,0.5809730639843083,0
0.4207950587357767,0.6092830441621602,0.5040592011522722,0.32083347623387626,0.23642008121474517,1
0.6093067495494888,0.33830842172426134,0.32178945531093395,0.3828779853139591,0.3298998006874519,0
0.34923912185141254,0.49460519221165244,0.5958696994996282,0.5103782279408383,0.17411440078534401,0
0.3589705482646631,0.4676074638080177,0.30439426089273935,0.3576520869195289,0.3141962602071997,0
0.4564758711435931,0.3332787812645893,0.5932239013869821,0.7013022313646138,0.6914690541387591,1
0.42742355505907886,0.5498290953006558,0.28195405250033984,0.32593819983260564,0.3414836537429799,0
0.5930815439321251,0.5262533789882913,0.24068534495036908,0.3381699876752842,0.2755743176481845,0
0.3409147573361679,0.45795753437910564,0.3043942608927394,0.4547124707297122,0.3141962602071997,0
0.35344315366417256,0.5132486781672073,0.5040592011522722,0.525307990195685,0.2324399285454279,1
0.495563207763965,0.3456328657829232,0.40662017328817185,0.5036950431875845,0.38314225590093354,1
0.33501175188744453,0.4453196886855092,0.5386053018816378,0.51948826525065,0.213269798798433,0
0.31082891990586664,0.3195900698356898,0.5958696994996282,0.4289028813857388,0.13533375740670373,0
0.3126609839998652,0.3296614366000981,0.30439426089273935,0.5066381254756763,0.3141962602071997,0
0.3771231994709507,0.6527440444059869,0.5386053018816378,0.3029657761104831,0.22052488009231075,1
0.3125255274892426,0.3296614366000981,0.30439426089273935,0.5066381254756763,0.3141962602071997,1
0.303288753945023,0.2824504789279826,0.30439426089273935,0.29907345720317247,0.3141962602071997,0
0.38644455939516603,0.45734209059802633,0.5198343475043249,0.5645146696224579,0.6105161000021344,1
0.6262604036071655,0.35678026456849166,0.3170189739096555,0.37460043183935976,0.2621718664537685,0
0.34570113384197554,0.32333538581724575,0.5198343475043249,0.7185960550693693,0.7628518987398749,1
0.3337985584233099,0.5039681355640007,0.32773545613032573,0.4238168017472054,0.35676539561297504,0
0.4270991100980463,0.5041381210157777,0.5198343475043249,0.6174925223490368,0.6306679097504884,1
0.4046650867350515,0.5760984480991317,0.38242547998751225,0.3180532275942286,0.2757214026713138,0
0.35930357016632464,0.44163157702797323,0.3843116870007489,0.429243507633078,0.2706293278824272,0
0.3522488886207363,0.49196686127589756,0.36999144857800353,0.5139098902013036,0.28681405273252175,0
0.4182722551645753,0.44150149596239346,0.4550686340991251,0.5305666085578331,0.6383613421646298,1
0.7800572229818237,0.49925812200434555,0.2810012944707878,0.4392987681851582,0.4046329313928952,0
0.47464360593512467,0.4983691041194046,0.5067863649077018,0.3178187369246003,0.27309579707087367,1
0.3485690853343484,0.49460519221165244,0.6274011802224135,0.5103782279408384,0.11815486557401711,0
0.38061904216867654,0.7284441117069644,0.3043942608927394,0.34744760171539024,0.3141962602071997,0
0.3483741817524701,0.4994553533512301,0.4824750908528844,0.5363685287033071,0.25350793424239526,0
0.32636811815120204,0.3135496187232345,0.561018171723948,0.5108709611745913,0.5054912951947047,1
0.3424788659746555,0.7486356708442702,0.3093822653869676,0.4193951549054047,0.3555380415157279,0
0.7782162861906229,0.29519540942834555,0.3778290858849154,0.38148807990560535,0.3414617289270939,0
0.3468825334744684,0.42824751328463434,0.3843116870007489,0.5700875353998088,0.2691766273331598,0
0.3815769977099569,0.6942098554792129,0.3843116870007489,0.3839763006442564,0.2699596772144391,0
0.4786181306469173,0.4983691041194046,0.5863826873182967,0.3178187369246003,0.19947575006464918,0
0.32753384268530406,0.3405393300825123,0.5661069656140305,0.5104128889235904,0.6018237090893462,1
0.3956584118049462,0.7712633264525394,0.25116962155608347,0.4312315156627508,0.5506520599961697,0
0.7818499514515586,0.357990868405642,0.4207412417704751,0.3422352466439047,0.3343923551796942,0
0.3304835708702253,0.3949032695375522,0.5958696994996282,0.39232230043847965,0.1556442679746828,1
0.2026729591835226,0.1019801195383509,0.37588877530751574,0.22847078662917927,0.6430531075667767,1
0.3162307658409439,0.2959392464761926,0.5661069656140305,0.4784623950228288,0.6079986665065622,0
0.4022645785069558,0.354532237108005,0.6038143203913657,0.712751301246263,0.49705474219973855,1
0.3499637254562711,0.5066901933765351,0.4824750908528845,0.5343573890283031,0.24983923011662407,0
0.3434102034243288,0.4302034008543276,0.5040592011522721,0.2771748672119508,0.2309554297532529,0
0.31807865291161996,0.3829640218557891,0.3043942608927394,0.6647564208558416,0.3141962602071997,0
0.5078981792929584,0.5290651613912406,0.6056566327815216,0.3559910231703196,0.2683061685832489,1
0.35668878630079215,0.5205829174868315,0.30439426089273935,0.4415774906470074,0.3141962602071997,0
0.4206226326534777,0.773225392571455,0.3570027696054206,0.3182425495305443,0.36176323725278864,0
0.7240128311031809,0.30638940351683025,0.3824917425152116,0.37413546387705343,0.29759598023746464,0
0.40375844495925806,0.5735954123217151,0.2696923877814652,0.32678593450022875,0.3485071450942208,0
0.3450378997260999,0.4503300701551661,0.4824750908528844,0.2760608632263026,0.25350749865002664,0
0.30384167085901614,0.2836988472635507,0.5863826873182967,0.2937768941862221,0.20127256858510742,1
0.6930193167490792,0.3281428998975567,0.3158782107741035,0.3552454836739474,0.30120152346978946,0
0.4755614864607077,0.7246781201899619,0.25392301502530534,0.4275596406057426,0.4983419176489396,0
0.3276528847061023,0.4249827678755225,0.6274011802224134,0.47873745728489936,0.1099606471334465,1
0.4922412699314052,0.4100169653919868,0.3113527821945362,0.3835770426081988,0.3295568442959107,0
0.4325467983020024,0.6120286708795332,0.5386053018816378,0.2977469631506322,0.20491702473569345,0
0.45258608069008294,0.594034806631,0.4773825880965659,0.28590374316722567,0.24256353078396609,1
0.44916299410941635,0.594034806631,0.5958696994996282,0.28590374316722567,0.18694680676672418,1
0.8565045299555567,0.3156459552654953,0.4397677255607223,0.4939615095259326,0.39154802703518554,0
0.6860226034918796,0.2956115723925543,0.35812544723860573,0.37625529309691863,0.29739139702168077,0
0.4643787825417261,0.4727156170517109,0.305994923441545,0.3209949599282554,0.3141962602071997,0
0.5690674410756785,0.4104689036631564,0.6727986588433805,0.5609898301028081,0.5070790293782369,1
0.7723320612843112,0.3379435859274952,0.39672728878628116,0.34525731948742605,0.33453377750203167,0
0.3577881134841633,0.5153337426245452,0.5863826873182967,0.39797795123674035,0.18657219732973168,1
0.3720389960957175,0.510433037938402,0.4824750908528844,0.399718735246279,0.26060910623270245,0
0.5653805396315288,0.5503557186692551,0.2402641783360535,0.332417468551543,0.2866202141284966,0
0.43332138476776755,0.6120286708795332,0.36999144857800353,0.2977469631506322,0.28571258482979883,0
0.31362751648177445,0.3385706333254067,0.3043942608927394,0.5723086841450449,0.3141962602071997,0
0.3317408320637983,0.44921639419264603,0.4849103630119741,0.46162263019212396,0.4528354377042656,0
0.3711923929043266,0.6878937506536453,0.3084725990300742,0.4933961706546255,0.6018212407325909,0
0.37471307915421903,0.6156635565959631,0.5863826873182967,0.25446634126692824,0.18355862412632876,1
0.309773068938787,0.30190923198824815,0.5595171132632306,0.5204598308398101,0.44081831543944083,1
0.5363104781526098,0.3386298268408837,0.37146818911164814,0.3872745303071984,0.2624795398634534,0
0.3811105895936867,0.4306295097758212,0.3102807286736846,0.28016216961698515,0.37910431464404915,0
0.3437018194057127,0.43020340085432773,0.3843116870007489,0.2771748672119508,0.2708684680927864,0
0.4241340025713077,0.6120286708795332,0.5040592011522722,0.2977469631506322,0.2353319714779925,1
0.36884024087598366,0.5468346086763106,0.46659479623125666,0.4025965819163072,0.2448448732157592,0
0.3360544416870074,0.42353409398809083,0.3043942608927394,0.6316966660512822,0.3141962602071997,1
0.32367555030686224,0.3889554665241683,0.3043942608927394,0.5340838226612775,0.3141962602071997,1
0.8898280145949954,0.23278157381814152,0.42331527140966935,0.3686287823341362,0.2862384900161503,0
0.46060818198730086,0.4983691041194046,0.3699914485780035,0.3178187369246003,0.2995089567228818,0
0.5346916545480411,0.7173102755904208,0.24662928104010373,0.45904768402610296,0.3897186842845388,0
0.4082815981147293,0.3400534851387808,0.5992714180811817,0.5970863248193797,0.6315305278377645,1
0.7459140489991746,0.2798147098297102,0.3142881777594586,0.35392708934579764,0.2989227945922079,0
0.36624896965803744,0.36857231208243935,0.5524513789622019,0.5715605177110324,0.667021432451312,1
0.3155358857717132,0.3242057474974615,0.3043942608927394,0.5432391746453816,0.3141962602071997,0
0.4456127322021828,0.6079631553519348,0.38242547998751225,0.28481991247919425,0.2789665658173535,0
0.383126762154634,0.7200223271671413,0.3843116870007489,0.43159468979150145,0.26516946793698953,0
0.44615026977435845,0.6354652944862326,0.25767306114716,0.3106798879465155,0.352968917725749,0
0.37506872643374656,0.615663556595963,0.4161250415574639,0.2544663412669282,0.2849492818025625,0
0.3676595806349243,0.8266348817983256,0.3111479533654042,0.29468293227535847,0.47172911149465824,0
0.35266915871155424,0.3976196310290962,0.5595171132632306,0.5994841351209157,0.4203569447144714,0
0.6565685021023856,0.474765750101494,0.3011404381318097,0.33976701981951474,0.33356342290225616,0
0.3411791637127979,0.33707120491655795,0.4333265337452342,0.2828921780742649,0.563886517733764,0
0.3185228792848843,0.32595087119051,0.5837097035984987,0.6672231882704315,0.5287748688758073,1
0.33785012772247625,0.5077644773203542,0.33381619967771103,0.18810643037849062,0.47813885319854754,0
0.32303050522025145,0.3750012884535574,0.3043942608927394,0.5529980655523099,0.3141962602071997,1
0.3766445174568839,0.615663556595963,0.5863826873182967,0.2544663412669282,0.19409371595573396,1
0.35555234166745786,0.47731456742168543,0.4463045831836564,0.3976423599532113,0.24676438358670533,0
0.36124535994905893,0.4208289443029406,0.5040592011522721,0.33291603942449627,0.23025354524998864,0
0.38655251054446127,0.7217094629152927,0.5386053018816378,0.443526824316978,0.2247255876975938,1
0.3974205294693329,0.6720385987532593,0.4824750908528844,0.387637376068744,0.26238617789911767,0
0.3822850389467044,0.30229441178855143,0.6038143203913657,0.7374310155230123,0.5657623236703943,1
0.3838133610398092,0.4031278830090198,0.39785998418187674,0.2663957393990296,0.5842951817821332,1
0.6445468846629219,0.3259852299520395,0.4431571322358021,0.3440467755435024,0.2812339692933516,0
0.3202910599590259,0.35755906316315805,0.3043942608927394,0.5579054769460682,0.3141962602071997,0
0.3865553202319087,0.5337104659500154,0.27861932292543906,0.29472780912671104,0.40369364904874616,0
0.32418173768225633,0.36677788055266974,0.3043942608927394,0.5777568433549787,0.3141962602071997,1
0.8955279831560716,0.184280504929126,0.3723499051467019,0.35160564266205097,0.29266086389872886,0
0.34925967693326465,0.32656164338559185,0.4425841315202203,0.5654370166161102,0.8066768469443122,1
0.37095534401073715,0.4102443661426353,0.455068634099125,0.5528485125330465,0.8309454401682664,1
0.3335048721459121,0.3164264115197092,0.5595171132632306,0.570248325874533,0.4772341278489738,0
0.4007313764303897,0.6482139019768646,0.5386053018816378,0.36385877437305575,0.2174169285423787,1
0.45847178437926167,0.5619710596754424,0.3602557894159282,0.28853246858437975,0.2861759099125287,0
0.6936806284472278,0.3281428998975567,0.3159443585945997,0.3552454836739474,0.3013043232687781,0
0.3461835128132099,0.4391935516440819,0.5958696994996282,0.4547736929708256,0.17072258820854364,1
0.3811133992811341,0.8114953264549505,0.32032751200649856,0.300618351932295,0.39552745371722187,0
0.38145618114971824,0.6942098554792129,0.4824750908528844,0.3839763006442564,0.26336538954372135,0
0.33093090268751046,0.41343668689915497,0.3843116870007489,0.47111149380079204,0.2645960831824611,0
0.6094151443336442,0.3585686381060969,0.38196198641522594,0.39353353760205834,0.2951627612664877,0
0.3201637367541722,0.357559063163158,0.5863826873182967,0.5579054769460683,0.20613842573723645,0
0.31236581893960036,0.2997851673226478,0.41636562079825123,0.19270338882252624,0.8876576789925271,0
0.6480650569819403,0.32772393398174954,0.4045306286394445,0.3692380494404258,0.20142792986323999,0
0.5298061995901405,0.5277080807286227,0.5192275081638072,0.3594855069661278,0.2708924256730592,0
0.765328545625923,0.2874903968768489,0.641687197662879,0.2872173214430352,0.2817816540981329,0
0.4604359037832885,0.4983691041194046,0.5386053018816378,0.3178187369246003,0.2122056466419531,0
0.4110639280790995,0.6150048629703271,0.38242547998751225,0.30742427304973596,0.272155353147075,0
0.8552508178408647,0.18829204103400582,0.3750636863950948,0.35181718411257296,0.2846098101499701,0
0.3266521923399639,0.39468186650053905,0.5040592011522722,0.4625667588770425,0.23881438726746085,0
0.3371463749560432,0.44423542864514065,0.33089514251318514,0.2017796407954659,0.6395544296622141,0
0.8081922500539016,0.31221408763473385,0.5969412559559325,0.2954592288332675,0.2843324830086307,0
0.35730780480894275,0.5220359615676154,0.30439426089273935,0.3049453560485604,0.3141962602071997,0
0.3792569352698291,0.6961990167969135,0.38242547998751225,0.31341697454132567,0.27437135672357876,0
0.27059537868523786,0.33309562495422596,0.5386053018816378,0.23519676857482064,0.20935454939203646,0
0.3393781540590076,0.44446620499341305,0.3043942608927394,0.34159562381377345,0.3141962602071997,0
0.34617537950744115,0.4038219902704427,0.5595171132632306,0.6062771404616258,0.4752743977826606,1
0.361858611204028,0.4116330327544485,0.46659479623125666,0.45971488970145585,0.2425834228354653,0
0.3824190166744599,0.7200223271671413,0.4161250415574639,0.4315946897915014,0.27868168840829177,0
0.36010950682887144,0.7479132326742178,0.2511696215560835,0.44703035645354655,0.5545490145230851,0
0.33679900886057124,0.4456035402785652,0.38431168700074886,0.4278161318781072,0.26304508395534715,0
0.336235592588222,0.7253527876257826,0.3093822653869676,0.4379232744485802,0.3681376959748216,0
0.3163205279609744,0.2824385136399763,0.5661069656140305,0.5902841981674191,0.7522298336342067,0
0.35092404705013874,0.5201549097916744,0.5386053018816378,0.562134992487688,0.21423086076101183,0
0.4614994444212769,0.4983691041194046,0.5366537499983272,0.3178187369246003,0.10342022771897849,0
0.34535154957220293,0.44006394346356215,0.6274011802224135,0.3190702537986613,0.10886847186792029,1
0.34079704621995005,0.46239879611721885,0.5040592011522722,0.4737792219448532,0.2367687003070781,0
0.35125174533347886,0.5201549097916744,0.4463045831836564,0.5621349924876881,0.2460154551076327,0
0.3397145771612634,0.32826059372542715,0.5932239013869821,0.6334624789388923,0.5896605181835857,1
0.6677636277974506,0.47851974619122584,0.29609370354955705,0.3431586881949071,0.3360523976964133,0
0.3586851431713209,0.5671960929868645,0.28836381454215865,0.43219545583570546,0.3141962602071997,0
0.3326695077043109,0.397858032611287,0.5863826873182967,0.5004675219294565,0.18881665960765034,0
0.2775659174856906,0.2190853577123816,0.4159983665694268,0.2807570615367439,0.2470578276456828,0
0.3674498892243755,0.5158261880672022,0.4824750908528844,0.5509824017069256,0.25609578850422376,1
0.3814053110190914,0.6381000689887766,0.2575350301460089,0.3186790954869941,0.3475171888378584,0
0.3791563780348691,0.6961990167969135,0.36999144857800353,0.31341697454132567,0.28904370486990816,0
0.8263375073458539,0.2874903968768489,0.6197666511365859,0.2872173214430352,0.282451304766121,0
0.30983340327976294,0.315775252710198,0.5958696994996282,0.7018605650688804,0.1623052012777957,1
0.8896334067696905,0.3201382126391417,0.31134154088862526,0.38713727281550064,0.3335817177817372,0
0.3299810804519989,0.2997383007663511,0.5661069656140305,0.5868410855965738,0.6835737972605015,0
0.32390357862496266,0.3889554665241683,0.5863826873182967,0.5340838226612775,0.1771940388313173,0
0.3133144581488182,0.34096073727874393,0.30439426089273935,0.597161666850309,0.3141962602071997,1
0.3136758726815273,0.35143126846218325,0.3043942608927394,0.5248954515304465,0.3141962602071997,0
0.30687687269365327,0.2957416835973985,0.41636562079825123,0.17361321408009384,0.8472201874412041,1
0.41265731661835486,0.6150048629703271,0.30439426089273935,0.30742427304973596,0.3141962602071997,1
0.70852819994564,0.45297566465366523,0.2810986044148126,0.39204216672735376,0.38428307231428627,0
0.5798181925191924,0.37179299388685305,0.3721617853334988,0.39029251680327953,0.33661808698576323,0
0.6598094026338306,0.3284561975520287,0.3660303029665768,0.3786398592545188,0.3293310622515218,0
0.3975756537920873,0.6720385987532593,0.4824750908528844,0.387637376068744,0.2603629965444457,0
0.3744047529264374,0.6156635565959631,0.5863826873182967,0.2544663412669282,0.19573909352937702,0
0.5048072273442332,0.5290651613912406,0.4817039525616891,0.35599102317031966,0.2199599167902418,1
0.4545958944847019,0.4942717313892303,0.455068634099125,0.4870211037954141,0.6527771264058562,1
0.31145074810146467,0.3222613731268071,0.5651533281625876,0.7938561766236116,0.7448642570761618,0
0.3715090003161638,0.4182186127439058,0.3925437641436371,0.5545459885567677,0.3141962602071997,1
0.41431074374201277,0.38314735900173935,0.455068634099125,0.5717580853127187,0.7552012995753119,1
0.4302344255327833,0.7904151713824068,0.313249083441652,0.4869430253711096,0.377107994818774,0
0.45834475693098137,0.5321858712553095,0.5144211998794045,0.5754467435824278,0.4972646977214018,1
0.4143756623098766,0.6150048629703271,0.3699914485780035,0.30742427304973596,0.2862839368199405,0
0.3297656217882685,0.4031257431212404,0.3843116870007489,0.6020402184152707,0.2685849476991503,0
0.5309513690423905,0.46919526054037897,0.32938311039669765,0.33700453949418313,0.3495287543960345,0
0.3780681417230009,0.6961990167969135,0.38242547998751225,0.31341697454132567,0.2752130663771623,0
0.31940438175193775,0.29505797438222797,0.41636562079825123,0.21887461991496016,0.7783951412284837,0
0.33968840270451645,0.4292685712873475,0.5863826873182967,0.4488928187551672,0.18088161862639435,1
0.3126235707933286,0.328492967454718,0.3699914485780035,0.8878872270265181,0.3141962602071997,0
0.8329898120733157,0.22056088568448234,0.3613102927346943,0.36131093674407133,0.29342315054377177,0
0.372597236628032,0.7596316801042577,0.2511696215560836,0.4363617059624917,0.5641214472178933,0
0.43343096257821656,0.6120286708795332,0.36999144857800353,0.2977469631506322,0.28949512376122977,0
0.3624116759963078,0.4248197445938448,0.3043942608927394,0.46363103347375284,0.3141962602071997,0
0.34389553996129735,0.3315944484680363,0.6038143203913657,0.6565138567311992,0.5284721321796331,1
0.5008257523529653,0.5290651613912405,0.6056566327815216,0.3559910231703196,0.2692723124567947,1
0.3747957431164876,0.6156635565959631,0.4824750908528844,0.2544663412669282,0.2595510523693829,0
0.3210647591550708,0.34306686908196704,0.5958696994996282,0.5284779377371996,0.15939050754206407,0
0.3276406108083057,0.3647532151813887,0.4222188234902764,0.2834259572086452,0.6336065610664927,1
0.6952166402112412,0.3259852299520395,0.4008854249012897,0.34404677554350244,0.21506458455450445,0
0.7332809548441821,0.33422771600735524,0.4572783536610429,0.47106355218885926,0.40020281180681827,0
0.33696197073252104,0.44229108441375076,0.4824750908528844,0.39837348777780773,0.25274971312612593,0
0.3293199166321371,0.4045669424710761,0.30439426089273935,0.5942367542142282,0.3141962602071997,0
0.3515951187152098,0.49196686127589756,0.5863826873182967,0.5139098902013036,0.1984744684067033,0
0.3286526898025204,0.42084515922724136,0.6394751457211634,0.4082114786959005,0.12815911550356004,1
0.3448381161607603,0.4308707143096105,0.3843116870007489,0.2798367212315667,0.2707306757068539,0
0.7290103778024044,0.31200627740600995,0.36660307426775224,0.3826399190903207,0.29795287558480094,0
0.3431142989726304,0.29108049564623256,0.6038143203913657,0.6456352336551574,0.5445787407982927,1
0.6021636367884504,0.34831667686880774,0.3668502682905893,0.3951209376416083,0.2778751165391083,0
0.38087575887439784,0.7284441117069644,0.5386053018816378,0.34744760171539024,0.21413546603228933,1
0.4227778108039285,0.44523590153020065,0.6038143203913657,0.618960506181695,0.4666769660062263,1
0.3520788285910246,0.5011917065183092,0.31125929582395045,0.28900710513661165,0.42989903114093403,0
0.3340225940276692,0.4071014135013658,0.6274011802224135,0.5930566024793913,0.05033037503196158,0
0.46478589146502725,0.4983691041194046,0.5386053018816378,0.3178187369246003,0.21553516951004426,0
0.33298951631674234,0.4041109353991992,0.5386053018816378,0.4895394613464369,0.20769290970329918,0
0.5536292437001632,0.6908154509542243,0.2407461397680506,0.452805605884924,0.40861134169273805,0
0.34266607988562503,0.3996905300321195,0.3043942608927394,0.5300329388791878,0.3141962602071997,0
0.3451349078821789,0.44006394346356215,0.4161250415574639,0.3190702537986613,0.28449975047817155,0
0.37959572442467215,0.6961990167969135,0.3843116870007489,0.31341697454132567,0.2665243054007791,0
0.309316125032866,0.32042531927276363,0.30439426089273935,0.6447654254143081,0.3141962602071997,0
0.5234036612889249,0.5222554055524362,0.4692405178724338,0.3582229350628312,0.2777907568170569,1
0.2593059066432546,0.44189659158071704,0.3043942608927394,0.3493506356094531,0.3141962602071997,0
0.33253212877596117,0.4150506746523662,0.3043942608927394,0.44188856384589503,0.3141962602071997,0
0.4516418778294662,0.6108490502062882,0.2575753306100569,0.43696626647217596,0.3611631361663196,0
0.36067780308468195,0.6474051148140212,0.332286311473263,0.5225006330190007,0.5348753399979934,1
0.3582999202344522,0.7533829063955821,0.3060250149645106,0.44614796080317154,0.46398544076067205,0
0.3328475531615047,0.38736007469715317,0.3102807286736846,0.1995120828185873,0.45211409674187075,0
0.4280048646041195,0.7348879467354807,0.34501999633319314,0.5224236491520464,0.40672638831636726,1
0.37948644237079654,0.37891972437039834,0.455068634099125,0.5388119090758505,0.7170718667877227,1
0.3664049812505121,0.33499777421531673,0.519834347504325,0.6251854362577229,0.7588082947821987,1
0.385820217268694,0.7281866621096099,0.3043942608927394,0.40256046152375513,0.3141962602071997,0
0.4945489105954497,0.5815582060024758,0.2812452002204673,0.32872074704268844,0.34646407168804966,0
0.32945507738618623,0.405320062412389,0.39785998418187674,0.18351622170478032,0.6637372111895549,1
0.31378411958739594,0.3403640401201834,0.3043942608927394,0.5152546998468349,0.3141962602071997,0
0.48278726318401477,0.4983691041194046,0.5345055899687786,0.3178187369246003,0.251521778239054,1
0.35016262175189045,0.5725560597854507,0.34954970731501217,0.5255103008792213,0.6617117066755838,1
0.5430368699017113,0.4870781520170252,0.22219205847620277,0.35502358041384485,0.2871458289199357,0
0.35867715774383874,0.4128517139144847,0.5595171132632306,0.5855969387420032,0.45152154592312405,0
0.6570937657767647,0.34058719123453746,0.3707646515988559,0.37779460558355593,0.2765893930644693,0
0.5481271362866993,0.5533085226907974,0.4766267823348613,0.5728697907279316,0.4924050840598893,0
0.3865025276835547,0.7217094629152927,0.5386053018816378,0.44352682431697793,0.22476217745655586,1
0.4172433180456761,0.6150048629703271,0.38242547998751225,0.30742427304973596,0.2712544029313624,0
0.39554824248135034,0.648044248056997,0.38242547998751225,0.41759179870068747,0.2732105030612706,0
0.37447499511262267,0.6156635565959631,0.5958696994996282,0.2544663412669282,0.15436333601609836,1
0.313317563592839,0.3409607372787439,0.5958696994996282,0.597161666850309,0.1478995808585032,0
0.3125727006627018,0.32966143660009817,0.5863826873182967,0.5066381254756764,0.1939498252766411,1
0.33127826878298244,0.41418817932018487,0.3043942608927394,0.47641506198478273,0.3141962602071997,0
0.8037871037712216,0.3852901401505939,0.5043811460358433,0.38229155797104086,0.28514297520913157,0
0.34264803873464694,0.3996905300321195,0.5040592011522722,0.5300329388791878,0.23477644601057648,0
0.44609954752201836,0.7824418289590713,0.31324908344165203,0.4576216582251971,0.3993118802155834,0
0.5888590273335268,0.3412893456795817,0.3176125836860739,0.38234311162222884,0.3314438304366683,0
0.49764681282365014,0.5250910582528691,0.3699914485780035,0.3568225219039168,0.2989827611416179,0
0.35004165731336506,0.5066901933765351,0.30439426089273935,0.534357389028303,0.3141962602071997,0
0.5011185513606429,0.6536998509010586,0.3006431441703219,0.3265241528673389,0.3733841156596473,0
0.3043700399774161,0.29116838174151305,0.30439426089273935,0.4000499483004078,0.3141962602071997,0
0.35034303326167154,0.33769523838801957,0.5932239013869821,0.8422699076266567,0.6413782549095253,1
0.3453729919237753,0.44006394346356215,0.5040592011522721,0.3190702537986613,0.2258937012327119,0
0.37408577946201294,0.6110002588962822,0.3843116870007489,0.2965208035218477,0.26393572515166963,0
0.30636580533479796,0.30477360740774906,0.5386053018816378,0.48637075430325216,0.21583006554358372,0
0.3448651778872275,0.3378522639560618,0.5661069656140305,0.6191186697187789,0.6693572239291796,1
0.35161271623132784,0.4515607768817375,0.3699914485780035,0.656472628404347,0.3141962602071997,1
0.8672174245576739,0.1935168332313119,0.3679822372072314,0.345397240402009,0.33473690874325357,0
0.2725361333199652,0.34480780341725015,0.5595171132632306,0.5793645291907499,0.3141962602071997,1
0.9195008279705272,0.26318446646419114,0.3106181207939498,0.35252317360336305,0.2999927546469357,0
0.339528250520014,0.3313659928431303,0.6038143203913657,0.6905792178585057,0.5288153789660867,1
0.5527492200159768,0.43215229611465705,0.3048194804949004,0.3447080341239199,0.3315389347704784,0
0.4449483150600135,0.33111643973307464,0.38566148489621577,0.8679803300747144,0.48847720247480353,0
0.36683057495965143,0.5158261880672022,0.3843116870007489,0.5509824017069256,0.26502993318158263,0
0.8501362994168568,0.283794690124659,0.3084583753368807,0.360035230152574,0.29980196518949065,0
0.3458379212571784,0.4226325080298536,0.4161250415574639,0.39992177563471554,0.2833139228533972,0
0.2680638502951207,0.4291056987019924,0.5863826873182967,0.28320989158774296,0.19454397326740597,0
0.34906595637768,0.49460519221165244,0.36999144857800353,0.5103782279408384,0.28998676234791837,0
0.48247731029507934,0.4983691041194046,0.3699914485780035,0.3178187369246003,0.2971614042510621,0
0.34613633963975077,0.09115710965659019,0.3057975123448848,0.2556829417615222,0.4435735823682664,1
0.3226279805238382,0.37844204716734625,0.6274011802224135,0.5616845456528925,0.11142743183596521,1
0.48892983145720154,0.4983691041194046,0.5345055899687787,0.3178187369246003,0.2531638162712045,1
0.3178104016995356,0.37414674988720387,0.3043942608927394,0.7086140933744984,0.3141962602071997,0
0.34533971930926644,0.44006394346356215,0.30439426089273935,0.3190702537986613,0.3141962602071997,1
0.3707628064814462,0.4900061212846199,0.31028072867368456,0.2525090902987922,0.4088600649352064,0
0.322838707082394,0.3605745568548593,0.39785998418187674,0.16127700546621937,0.7489127977473486,1
0.3363845060229348,0.2867413457362435,0.6038143203913657,0.65370376316114,0.5648012617078154,1
0.5876294193795678,0.501684272518024,0.24693115216311978,0.3486990456189612,0.2890637421188636,0
0.32737028930020745,0.4343033957005134,0.3843116870007489,0.46472748805655506,0.2695262628076861,0
0.3249904840322505,0.40196164416921276,0.5958696994996282,0.36841939351306935,0.16841714299902152,0
0.3603489217750482,0.47785743585384993,0.31028072867368456,0.22471536036111633,0.45531119952990873,0
0.41375013715711095,0.6150048629703271,0.4161250415574639,0.30742427304973596,0.2817372236765361,0
0.4042075513159837,0.4975670078732801,0.39631636934878234,0.505697718285748,0.570595801789791,0
0.37717747080217173,0.6527440444059869,0.6274011802224135,0.3029657761104831,0.11629401497537525,1
0.4392711197550899,0.5934360901417179,0.33145804899488773,0.48206494811433304,0.47406214422085813,1
0.378975966525088,0.6961990167969135,0.36999144857800353,0.31341697454132567,0.28929504166658804,0
0.3090395926367261,0.3235210436865625,0.30439426089273935,0.65476103259081,0.3141962602071997,1
0.3105213330695185,0.3245349888228538,0.6274011802224135,0.5912832371460658,0.11318737020254901,1
0.5525476619111968,0.5193129392986172,0.4747467312748616,0.5454631692397277,0.5517407505227472,0
0.5683596955955044,0.33759321697768885,0.32020649590715144,0.3809490104106998,0.33271677653516185,0
0.4286105740664666,0.6120286708795332,0.5958696994996282,0.29774696315063226,0.16468977910094607,1
0.3508768738766796,0.5748330812183858,0.2575753306100569,0.42474991188813327,0.34276284333208995,0
0.5567082175076653,0.5236993174360769,0.4334181083291003,0.36938333368602405,0.2750665621438579,0
0.3548148726516559,0.3391899952108709,0.5932239013869822,0.7057866328278181,0.5953863798687793,1
0.309321152894614,0.32315650928244144,0.397186729370722,0.5565842367688083,0.3141962602071997,1
0.4195670774429715,0.6764072248639288,0.3000509108803414,0.4104799852891492,0.35089215850973976,0
0.3268494619744295,0.427985542797605,0.3843116870007489,0.41756534689806096,0.26848142191288066,0
0.33410052588476324,0.4138805177081742,0.5337699726748325,0.4648845935215339,0.45576203763140555,0
0.33513315996083004,0.44518451408422904,0.33089514251318514,0.20823752916083205,0.6326960278186711,0
0.31477046775972384,0.3420250149867493,0.3043942608927394,0.6451376478838193,0.3141962602071997,0
0.507390217378124,0.5113823042130774,0.35895206558040227,0.3678298649243259,0.3141962602071997,0
0.3242357132569039,0.36677788055266974,0.3043942608927394,0.5777568433549787,0.3141962602071997,0
0.3470903024672901,0.42824751328463434,0.4161250415574639,0.5700875353998088,0.27985168951034045,0
0.8029777659080807,0.2921017646237972,0.3816541887533793,0.38212347044731637,0.34188570549919395,0
0.33492110249769386,0.33578440901875295,0.5932239013869821,0.5845020165394912,0.5809630453598305,0
0.3804997043913049,0.7284441117069644,0.4773825880965659,0.34744760171539024,0.2454156444160761,1
0.36994770136512367,0.35462627161324334,0.455068634099125,0.5987352754672483,0.8358716994621741,1
0.3315099940582505,0.34449269740690813,0.47901827457807344,0.5071188185785785,0.6801684813202746,1
0.7742676401790037,0.3326559533637077,0.4583284981060885,0.5193196669334954,0.41522552141495506,0
0.502845769749367,0.5290651613912405,0.5345055899687787,0.35599102317031966,0.2537695800584652,1
0.41789235584602796,0.41622128368552574,0.3102807286736846,0.3391971202925824,0.3316620622133349,0
0.3097122909629509,0.31483038676813957,0.3699914485780035,0.9379179840880549,0.3141962602071997,1
0.4866273665331918,0.4983691041194046,0.6056566327815216,0.3178187369246003,0.2699248298249514,0
0.31365546547796186,0.3314102975619445,0.41837919104274396,0.4693638870504379,0.6980248644835843,1
0.3250301154130877,0.40196164416921276,0.6274011802224135,0.3684193935130694,0.12559304086016135,1
0.33529346002361915,0.4453196886855092,0.6274011802224135,0.5194882652506501,0.071719267107128,1
0.4684339009197734,0.34218312556831354,0.6086264787431303,0.6847550781988255,0.5047532565248469,1
0.6661965615932288,0.34061968136166787,0.31395246801150667,0.36837780033376705,0.3014077038575915,0
0.3849021888648242,0.7200223271671413,0.5386053018816378,0.4315946897915014,0.2222999189943392,0
0.33590301432142056,0.42353409398809083,0.5958696994996282,0.6316966660512822,0.1681088887995118,1
0.7812075681741084,0.3381387376651293,0.31184032604375433,0.4029074726889698,0.3409403248618846,0
0.31960209502126347,0.34841776396193896,0.3843116870007489,0.519631506322528,0.26009510723775925,0
0.8069403124786501,0.3798944281843113,0.3125591578503029,0.38369671421180557,0.3305271988956862,0
0.5682684546926069,0.3386298268408837,0.3670284468128508,0.38727453030719844,0.26365447767901284,0
0.38159651764380204,0.6942098554792129,0.3843116870007489,0.3839763006442564,0.26985092431974633,0
0.6279394136744235,0.3501650878212959,0.39372960721003597,0.38389420884300174,0.29773246584629137,0
0.3284679898224248,0.45956118436459353,0.6274011802224135,0.3554232397875975,0.1158383853578239,1
0.33647308511667157,0.42161497632108685,0.5386053018816378,0.6583334488699425,0.21935168464622568,0
0.7220427965676859,0.34300216008108675,0.37803077938382734,0.3993974096935458,0.3399169731905965,0
0.33469928506763513,0.42840673901898507,0.3043942608927394,0.5968922598012136,0.3141962602071997,0
0.518208253442089,0.5185581918370215,0.5712136920635424,0.35799077944888297,0.26092999261090144,0
0.34370359394515315,0.4302034008543276,0.5040592011522721,0.2771748672119508,0.23424444253106463,0
0.46507765532469786,0.4983691041194046,0.5067863649077018,0.3178187369246003,0.2727236559906365,0
0.01808847202985725,0.3986288141615965,0.3699914485780035,0.36685953983349584,0.2911108810538083,0
0.7685280402370904,0.3107434422234821,0.4379616606467689,0.3602513322587212,0.2729808006855643,0
0.34046446795314866,0.46239879611721885,0.3043942608927394,0.4737792219448532,0.3141962602071997,1
0.44046020905849154,0.6079631553519348,0.4824750908528843,0.28481991247919425,0.2640376537659211,0
0.3704219470305892,0.609636095506507,0.25531888698071337,0.4516212948321569,0.4314369625969901,1
0.3212689790690116,0.34837767874015463,0.5040592011522721,0.5927740972273402,0.2258051307844307,0
0.3392481690449932,0.44168585784333675,0.5386053018816378,0.3259757796349578,0.21728537964706274,0
0.3270171559515539,0.4343033957005134,0.3043942608927394,0.46472748805655506,0.3141962602071997,1
0.3606148069345453,0.40650242575870327,0.5595171132632306,0.6180582260727938,0.46059987167448824,0
0.33605429380872065,0.42353409398809083,0.5863826873182967,0.6316966660512822,0.18676864948796842,0
0.3220101450419812,0.3456832284939018,0.3043942608927394,0.5417477672854321,0.3141962602071997,0
0.7152235372545331,0.39228483051636703,0.4184136414394301,0.4478970634485707,0.42246187223698317,0
0.44845303045494167,0.43604960440708385,0.39785998418187674,0.24636807628626903,0.5309095618768398,1
0.8061308267372225,0.2939589461022547,0.3717712073066959,0.3454222327948354,0.32828491457961056,0
0.3289824583818744,0.3805526697209798,0.5334899341561535,0.6500782243652844,0.6363433879183811,1
0.3446988148146834,0.4308707143096105,0.5958696994996282,0.2798367212315667,0.15307688655417834,0
0.5435982158780466,0.7227694005692102,0.25311826752358046,0.4328142455909405,0.4145539831800363,0
0.33710910962779334,0.3359890546247044,0.5595171132632306,0.7191960549234284,0.45219656889699156,0
0.3832838088951156,0.7200223271671413,0.5863826873182967,0.43159468979150145,0.193487806971017,1
0.7468765887673429,0.24792140041489713,0.3760929923648974,0.3842250570446805,0.30160735035986463,0
0.9386500309509255,0.23143703108955554,0.38861959248736644,0.36889720428161643,0.2962378032321825,0
0.32053491125380384,0.354504358288343,0.5863826873182967,0.6156761409118537,0.18293964737055393,0
0.38951170293973164,0.640446923097557,0.3843116870007489,0.36019441527651797,0.26682123419870535,0
0.39212145894351613,0.6266623989468136,0.38242547998751225,0.3907358490152997,0.2769862177122602,0
0.5797821102172362,0.5664665720896547,0.27773366860974297,0.3995513774274545,0.3433921291072549,0
0.43616035211594606,0.6120286708795332,0.38242547998751225,0.2977469631506322,0.2813239917161947,0
0.3444698992268628,0.435616533315491,0.38431168700074886,0.2777282389228971,0.26011398290706506,0
0.4175309413133189,0.838564002687217,0.3090179170739569,0.312786545992935,0.35684409263423467,0
0.335626334046994,0.43335997644315094,0.3043942608927394,0.5962338470699063,0.3141962602071997,0
0.3273778310928294,0.36493405076838553,0.46348072507952554,0.43990168685881736,0.6269851214714659,1
0.3502807765029684,0.5066901933765351,0.6274011802224135,0.5343573890283031,0.09235037365839366,0
0.31514075498963523,0.3315333863181604,0.6274011802224135,0.4300994514808266,0.11420288121120234,1
0.3303762112340769,0.3949032695375522,0.5958696994996282,0.3923223004384796,0.14899988718157656,0
0.44544962245194625,0.6079631553519348,0.5013365492135006,0.28481991247919425,0.2567339313242168,1
0.44606627490750955,0.6348543715948283,0.25767306114716,0.3268344598760815,0.37068736330566987,0
0.4073168401722605,0.7651598239987512,0.26243937485338986,0.2913279315711933,0.4940681757231886,0
0.4022903093288426,0.801347436097978,0.31324908344165203,0.4329651120790241,0.3834012881627919,0
0.3254072050441875,0.3429998996362493,0.5661069656140305,0.5431461737558714,0.6412622421420227,1
0.3046348899889062,0.2934951631001368,0.30439426089273935,0.44391634079262,0.3141962602071997,0
0.46997168722322735,0.4983691041194046,0.5013365492135005,0.3178187369246003,0.26191370537664727,1
0.39485602422128036,0.630384387137647,0.5386053018816378,0.3810496002311705,0.20847712116422806,1
0.32031205867573814,0.35755906316315805,0.5040592011522721,0.5579054769460682,0.22500378602367038,1
0.28276916288172194,0.2018768021396467,0.3043942608927394,0.3717670971682342,0.3141962602071997,1
0.40278052584927243,0.6177717680084367,0.5013365492135005,0.34030112732110007,0.2532130382088558,0
0.3076729015109908,0.31721621094591784,0.5278537192567967,0.47533871077197665,0.5465847888531332,0
0.3489469143568818,0.49460519221165244,0.30439426089273935,0.5103782279408383,0.3141962602071997,1
0.41632233207607217,0.36256631014930696,0.31743471104968757,0.18019223345886687,0.42188195359692576,0
0.5669631330558546,0.5854013238973325,0.4590318444402088,0.39009177498527814,0.2863411446176828,0
0.3478335387362736,0.4179389203693507,0.519834347504325,0.6152640035843104,0.6095095912357654,1
0.3108380883596424,0.3195900698356898,0.30439426089273935,0.4289028813857388,0.3141962602071997,1
0.33201751233822485,0.4226879944157972,0.3843116870007489,0.3461524120030618,0.2588795141344642,0
0.8115588471290467,0.2492848404623243,0.40959839287561206,0.3627360139286071,0.2957675086715551,0
0.8558173395572346,0.3195905219246573,0.5487370832520028,0.3232014051197555,0.2912883123452831,0
0.3227570782681324,0.3784420471673462,0.5863826873182967,0.5616845456528925,0.1981553243979787,1
0.3100117444935302,0.30670378618482425,0.5837097035984987,0.5565413666059309,0.5510093909358746,0
0.5094945253979479,0.36559259369769903,0.3095111580475993,0.3828896605923598,0.33057584004351276,0
0.3253526379563931,0.41128839026489705,0.5958696994996282,0.29267113586594445,0.15934244718406235,0
0.3612169673180114,0.4208289443029406,0.3043942608927394,0.33291603942449627,0.3141962602071997,0
0.5488022006655114,0.41534414067079767,0.6707184437138445,0.3798220906483209,0.2811983959165829,0
0.364759687432623,0.4466567267372348,0.6274011802224135,0.6605089545736809,0.11846486214300123,1
0.3372639381939744,0.44229108441375076,0.3043942608927394,0.39837348777780773,0.3141962602071997,1
0.37477193471232795,0.6156635565959631,0.3843116870007489,0.25446634126692824,0.27060783865890986,0
0.3185228792848843,0.32595087119051,0.5837097035984987,0.6672231882704315,0.5287748688758073,1
0.3392675411005517,0.37887994054125906,0.5595171132632306,0.5571982834421931,0.4188149477296418,1
0.3223816152981862,0.35136348525632394,0.6274011802224135,0.5802714794110113,0.12345137838123135,1
0.34873751870290637,0.3792758197804596,0.47901827457807344,0.6552589467293531,0.8061194339099658,1
0.3692637642891092,0.3586661386267527,0.5595171132632306,0.5317892291178524,0.47741373710229146,1
0.32417700557708173,0.36677788055266974,0.5958696994996282,0.5777568433549787,0.1529752483348393,1
0.31375735361750223,0.3403640401201834,0.3043942608927394,0.5152546998468349,0.3141962602071997,1
0.2765872589842714,0.25526712279429564,0.3043942608927394,0.362911216075107,0.3141962602071997,1
0.3453732876803487,0.44006394346356215,0.5958696994996282,0.3190702537986613,0.15386864828282953,1
0.4129730367604718,0.6150048629703271,0.4824750908528843,0.30742427304973596,0.25774189206514775,1
0.32065114358715463,0.3637011740147701,0.5958696994996282,0.4975374283885853,0.15316066548640497,1
0.3493532838887494,0.49460519221165244,0.6394751457211634,0.5103782279408383,0.13653134602543018,1
0.35043959778289047,0.3782176302038831,0.6038143203913657,0.5806688766995739,0.5323017150868724,1
0.32916922865798387,0.2916323455792179,0.5932239013869821,0.7287143256395681,0.613853318335404,1
0.3849879582711136,0.7200223271671413,0.5863826873182967,0.4315946897915014,0.19857581623112996,1
0.4703246726935941,0.4983691041194046,0.6274011802224135,0.3178187369246003,0.1448103597804208,1
0.40321306983788696,0.6177717680084367,0.5386053018816378,0.3403011273211,0.20793234030857075,1
0.5324961056253197,0.5817387401968276,0.5253299313725921,0.5028465788150613,0.5839622440150698,1
0.3473285343871732,0.43312971246237497,0.3043942608927394,0.164232675163837,0.3141962602071997,1
0.3885867242563867,0.6742919910028269,0.5013365492135006,0.38969813567695083,0.24945315008059188,1
0.3360369920491761,0.32544588781382133,0.3925437641436371,0.6007689630236636,0.3141962602071997,1
0.26112525320459645,0.44189659158071704,0.3043942608927394,0.3493506356094532,0.3141962602071997,1
0.3936246417278809,0.6266623989468136,0.5386053018816378,0.3907358490152997,0.2116058359503965,1
0.3291968818975979,0.38985470161977454,0.5334899341561535,0.6079649478954215,0.6120017603739589,1
0.3234994272673956,0.3889554665241683,0.6274011802224135,0.5340838226612775,0.10685618032246325,1
0.5196701781844628,0.5490064139368782,0.6022651231410503,0.3558357784528358,0.18729194112010839,1
0.3954578888481731,0.3539094092071234,0.5595171132632306,0.6128776861349501,0.4612879624194136,1
0.34467811185454456,0.4272508982254303,0.519834347504325,0.5758314804909745,0.5928942107305857,1
0.3446225096187432,0.435616533315491,0.30439426089273935,0.27772823892289716,0.3141962602071997,1
0.3956066544045992,0.648044248056997,0.4824750908528845,0.41759179870068747,0.25581628340104134,1
0.33170001765666746,0.42153468532046023,0.6394751457211634,0.3643179411814068,0.12794625603277282,1
0.32956983093666997,0.2925811296256613,0.5932239013869821,0.8065143675246293,0.6380763195581118,1
0.35833851646728243,0.5153337426245453,0.5958696994996282,0.3979779512367403,0.16256757308114667,1
0.3295656903446422,0.32537792377237507,0.47901827457807344,0.6520570016279716,0.8123145737735933,1
0.39641540075459336,0.42573881132549174,0.39785998418187674,0.2291043529086402,0.6884370408584191,1
0.46457324248874426,0.5145072335741763,0.29883749984944685,0.28118485103439317,0.5611157146771252,1
0.33315380909327247,0.2986216410166457,0.5932239013869821,0.8011346181490743,0.6536651540479672,1
